538.356048
539.057609324
539.758700765
540.4593831
541.159716483
541.85975855
542.559562917
543.259180234
543.958660815
544.658056451
545.357419927
546.056802684
546.756252877
547.45581396
548.155525442
548.85542488
549.555548756
550.255931136
550.956603375
551.657595697
552.358936503
553.060651368
553.762763659
554.465295235
555.168267461
555.871701138
556.575616288
557.280031103
557.984958537
558.690405013
559.396371827
560.102857302
560.809859616
561.517378293
562.225412626
562.933960396
563.643019046
564.35258516
565.062653177
565.773215811
566.484265012
567.195792953
567.907791924
568.620253961
569.333170303
570.046530882
570.76032541
571.474544097
572.189176802
572.904212129
573.619637403
574.335439126
575.05160347
575.768115772
576.484960805
577.202124371
577.919592693
578.637350937
579.35538332
580.073674382
580.792211976
581.510987722
582.229993303
582.949219162
583.668655473
584.388291886
585.108115712
585.828110467
586.548256746
587.268533035
587.988917274
588.709390318
589.429936086
590.150538979
590.871183266
591.591853979
592.312535679
593.033212883
593.753872594
594.474501943
595.19508484
595.91560614
596.636052619
597.356409867
598.076662715
598.796796047
599.516796798
600.236652908
600.956351613
601.675880055
602.395224426
603.114371355
603.833309682
604.552029914
605.27052331
605.988779689
606.706785863
607.424526671
608.141987815
608.859156166
609.576020383
610.292570264
611.008793474
611.724676827
612.440208938
613.15538005
613.870181226
614.58460169
615.298627895
616.012243593
616.725429528
617.438166957
618.150439473
618.862233611
619.573541989
620.284367159
620.994725056
621.704645699
622.414170486
623.123346012
623.832217498
624.540825394
625.249205335
625.957391097
626.665413774
627.373301847
628.081084094
628.788788738
629.496441867
630.204067001
630.911686902
631.619326826
632.327013504
633.0347723
633.74262583
634.450595679
635.158707158
635.86698795
636.575464306
637.284160034
637.993094333
638.702279364
639.411721789
640.12142518
640.831390839
641.541618704
642.252107466
642.962854045
643.673854471
644.385104642
