Problem 5.b
[  3.45721666e+01   4.99775029e+00   1.93329132e+00   4.54755075e-01
   4.43792652e-01   4.25175816e-01   4.13277674e-01   3.77384634e-01
   3.59758018e-01   3.57971335e-01   3.51709106e-01   3.51055058e-01
   3.12296085e-01   1.01849068e-01   5.00423480e-02   3.24155634e-02
   8.98496471e-03   1.26142530e-02   2.04917051e+00]

Problem 5.c
40.6903891195

Problem 5.d
[ 35.76558697   6.36862586   4.24748382   1.64204005   1.69443584
   1.70328865   1.69571952   1.74378079   1.74604462   1.70856745
   1.73724793   1.76625404   1.80539767   2.03063874   1.90846084
   2.04260724   2.00327714   1.98279301   2.68758061]


Problem 5.g
Training errors averaged over folds:
[[ 0.07187459  0.07187459  0.07187459  0.07187459]
 [ 0.07193743  0.07193743  0.07193743  0.07193743]
 [ 0.07193743  0.07193743  0.07193743  0.07193743]
 [ 0.07193742  0.07193742  0.07193742  0.07193742]]
Validating errors averaged over folds:
[[ 0.07187636  0.07187636  0.07187636  0.07187636]
 [ 0.07194159  0.07194159  0.07194159  0.07194159]
 [ 0.07194159  0.07194159  0.07194159  0.07194159]
 [ 0.07194158  0.07194158  0.07194158  0.07194158]]
