0 0.05 0.0425
1 0.05 0.0675
2 0.075 0.0575
3 0.05 0.0625
4 0.1 0.075
5 0.05 0.06
6 0.075 0.0675
7 0.05 0.0975
8 0.05 0.0725
9 0.125 0.0875
10 0.025 0.07
11 0.175 0.0825
12 0.05 0.0725
13 0.125 0.0825
14 0.075 0.085
15 0.05 0.095
16 0.125 0.085
17 0.125 0.08
18 0.125 0.0725
19 0.1 0.095
20 0.1 0.0925
21 0.15 0.06
22 0.05 0.0875
23 0.15 0.07
24 0.1 0.06
25 0.075 0.0675
26 0.1 0.105
27 0.075 0.09
28 0.1 0.1075
29 0.175 0.0975
30 0.075 0.1
31 0.05 0.075
32 0.05 0.0925
33 0.05 0.0925
34 0.15 0.105
35 0.1 0.0875
36 0.1 0.08
37 0.1 0.075
38 0.05 0.105
39 0.1 0.085
40 0.125 0.085
41 0.05 0.0825
42 0.1 0.0525
43 0.1 0.11
44 0.15 0.0875
45 0.025 0.0825
46 0.125 0.0825
47 0.1 0.115
48 0.125 0.08
49 0.025 0.085
50 0.05 0.085
51 0.1 0.095
52 0.2 0.08
53 0.2 0.095
54 0.025 0.1
55 0.05 0.0925
56 0.15 0.0875
57 0.1 0.0925
58 0.075 0.095
59 0.125 0.0925
60 0.1 0.1075
61 0.1 0.115
62 0.075 0.1025
63 0.125 0.0825
64 0.075 0.0725
65 0.05 0.095
66 0.025 0.11
67 0.025 0.095
68 0.075 0.085
69 0.175 0.095
70 0.05 0.085
71 0.075 0.11
72 0.175 0.11
73 0.075 0.145
74 0.05 0.11
75 0.175 0.0925
76 0.075 0.0975
77 0.05 0.1075
78 0.125 0.1425
79 0.075 0.145
80 0.1 0.1175
81 0.15 0.1375
82 0.15 0.1125
83 0.075 0.125
84 0.1 0.1375
85 0.2 0.115
86 0.25 0.1475
87 0.075 0.11
88 0.2 0.09
89 0.15 0.13
90 0.075 0.1125
91 0.075 0.11
92 0.225 0.1125
93 0.075 0.0825
94 0.2 0.115
95 0.075 0.105
96 0.2 0.13
97 0.175 0.11
98 0.075 0.1275
99 0.2 0.095
100 0.075 0.13
101 0.1 0.12
102 0.125 0.115
103 0.15 0.1375
104 0.15 0.1125
105 0.075 0.13
106 0.075 0.135
107 0.175 0.1
108 0.2 0.1075
109 0.125 0.115
110 0.1 0.15
111 0.15 0.13
112 0.075 0.1525
113 0.1 0.14
114 0.15 0.155
115 0.1 0.15
116 0.05 0.15
117 0.05 0.1275
118 0.125 0.1225
119 0.15 0.1425
120 0.125 0.1375
121 0.1 0.115
122 0.15 0.135
123 0.175 0.1225
124 0.15 0.1275
125 0.15 0.14
126 0.2 0.125
127 0.075 0.1875
128 0.125 0.13
129 0.05 0.1325
130 0.1 0.13
131 0.15 0.1425
132 0.15 0.1125
133 0.125 0.1125
134 0.075 0.1075
135 0.225 0.185
136 0.225 0.1575
137 0.075 0.1425
138 0.225 0.1075
139 0.125 0.1825
140 0.1 0.15
141 0.225 0.12
142 0.1 0.1325
143 0.175 0.1425
144 0.05 0.15
145 0.1 0.13
146 0.1 0.1375
147 0.15 0.1325
148 0.075 0.145
149 0.075 0.1425
150 0.15 0.1525
151 0.225 0.145
152 0.15 0.1475
153 0.2 0.1725
154 0.275 0.165
155 0.15 0.1325
156 0.1 0.1525
157 0.175 0.1225
158 0.3 0.15
159 0.05 0.14
160 0.1 0.1425
161 0.125 0.155
162 0.1 0.1475
163 0.15 0.17
164 0.1 0.1625
165 0.175 0.1575
166 0.1 0.15
167 0.2 0.1575
168 0.125 0.165
169 0.2 0.165
170 0.1 0.1625
171 0.225 0.1225
172 0.125 0.175
173 0.15 0.135
174 0.225 0.13
175 0.125 0.1225
176 0.15 0.1075
177 0.225 0.1425
178 0.275 0.15
179 0.1 0.18
180 0.1 0.18
181 0.125 0.125
182 0.175 0.18
183 0.15 0.135
184 0.225 0.1375
185 0.05 0.175
186 0.15 0.115
187 0.2 0.1625
188 0.225 0.1275
189 0.225 0.1225
190 0.275 0.1675
191 0.2 0.1475
192 0.175 0.145
193 0.15 0.13
194 0.175 0.145
195 0.2 0.14
196 0.175 0.1625
197 0.225 0.16
198 0.175 0.12
199 0.125 0.1725
200 0.2 0.165
201 0.075 0.13
202 0.075 0.16
203 0.225 0.1325
204 0.175 0.165
205 0.175 0.185
206 0.25 0.1775
207 0.225 0.1775
208 0.175 0.17
209 0.175 0.145
210 0.125 0.15
211 0.1 0.135
212 0.1 0.11
213 0.15 0.18
214 0.225 0.17
215 0.15 0.155
216 0.15 0.145
217 0.125 0.165
218 0.1 0.1175
219 0.15 0.1925
220 0.075 0.15
221 0.05 0.1425
222 0.225 0.135
223 0.175 0.1475
224 0.275 0.17
225 0.175 0.17
226 0.25 0.2025
227 0.125 0.14
228 0.075 0.1625
229 0.2 0.15
230 0.2 0.13
231 0.125 0.1325
232 0.175 0.19
233 0.2 0.1925
234 0.275 0.1625
235 0.1 0.205
236 0.175 0.1775
237 0.2 0.185
238 0.175 0.1925
239 0.175 0.1575
240 0.2 0.15
241 0.175 0.1825
242 0.15 0.1775
243 0.3 0.1725
244 0.15 0.175
245 0.2 0.1825
246 0.25 0.22
247 0.2 0.15
248 0.175 0.16
249 0.125 0.1625
250 0.1 0.1775
251 0.175 0.1425
252 0.25 0.16
253 0.225 0.205
254 0.225 0.1575
255 0.075 0.155
256 0.225 0.1475
257 0.225 0.165
258 0.125 0.1525
259 0.1 0.1275
260 0.3 0.1725
261 0.275 0.1575
262 0.175 0.155
263 0.2 0.1575
264 0.25 0.1675
265 0.15 0.1725
266 0.2 0.205
267 0.15 0.17
268 0.175 0.1875
269 0.25 0.2275
270 0.225 0.1825
271 0.35 0.1675
272 0.225 0.18
273 0.15 0.1875
274 0.225 0.1775
275 0.125 0.175
276 0.125 0.15
277 0.25 0.165
278 0.275 0.1825
279 0.175 0.2375
280 0.15 0.1525
281 0.175 0.1775
282 0.225 0.165
283 0.075 0.18
284 0.225 0.1825
285 0.15 0.195
286 0.275 0.2
287 0.1 0.2225
288 0.275 0.185
289 0.3 0.19
290 0.175 0.1675
291 0.4 0.17
292 0.25 0.1925
293 0.15 0.1725
294 0.225 0.16
295 0.2 0.185
296 0.175 0.1775
297 0.2 0.185
298 0.2 0.195
299 0.3 0.1625
300 0.25 0.135
301 0.25 0.1425
302 0.2 0.195
303 0.225 0.1625
304 0.2 0.1775
305 0.2 0.1475
306 0.15 0.18
307 0.225 0.1625
308 0.175 0.165
309 0.15 0.16
310 0.15 0.17
311 0.2 0.175
312 0.125 0.215
313 0.2 0.18
314 0.15 0.2025
315 0.125 0.1725
316 0.25 0.185
317 0.175 0.185
318 0.175 0.2
319 0.375 0.1675
320 0.125 0.1975
321 0.275 0.18
322 0.15 0.2075
323 0.3 0.1925
324 0.075 0.1975
325 0.15 0.175
326 0.225 0.165
327 0.125 0.1975
328 0.3 0.1925
329 0.15 0.185
330 0.25 0.1925
331 0.2 0.19
332 0.175 0.1625
333 0.125 0.195
334 0.25 0.1675
335 0.2 0.2
336 0.15 0.225
337 0.275 0.2
338 0.175 0.1425
339 0.175 0.195
340 0.125 0.1925
341 0.25 0.175
342 0.15 0.25
343 0.3 0.195
344 0.25 0.2075
345 0.175 0.1975
346 0.3 0.2
347 0.175 0.1675
348 0.2 0.15
349 0.2 0.2025
350 0.175 0.1825
351 0.2 0.19
352 0.25 0.19
353 0.125 0.1675
354 0.225 0.18
355 0.175 0.2
356 0.3 0.1875
357 0.2 0.1975
358 0.25 0.21
359 0.175 0.17
360 0.275 0.195
361 0.2 0.1925
362 0.15 0.2025
363 0.2 0.19
364 0.275 0.2
365 0.3 0.195
366 0.225 0.225
367 0.225 0.225
368 0.375 0.1775
369 0.3 0.2425
370 0.175 0.2175
371 0.175 0.22
372 0.175 0.2
373 0.325 0.22
374 0.325 0.2525
375 0.225 0.2025
376 0.225 0.2025
377 0.35 0.235
378 0.175 0.215
379 0.225 0.2225
380 0.3 0.2225
381 0.3 0.2125
382 0.25 0.22
383 0.2 0.2225
384 0.225 0.215
385 0.275 0.21
386 0.275 0.235
387 0.275 0.21
388 0.35 0.2775
389 0.225 0.25
390 0.275 0.2925
391 0.2 0.2725
392 0.275 0.26
393 0.175 0.2325
394 0.325 0.2075
395 0.325 0.2025
396 0.35 0.215
397 0.35 0.1975
398 0.3 0.2325
399 0.25 0.2125
400 0.175 0.2725
401 0.25 0.2375
402 0.3 0.255
403 0.375 0.22
404 0.225 0.21
405 0.275 0.215
406 0.375 0.2425
407 0.175 0.2575
408 0.275 0.23
409 0.3 0.205
410 0.3 0.22
411 0.175 0.25
412 0.325 0.2375
413 0.275 0.215
414 0.3 0.215
415 0.2 0.2475
416 0.2 0.2175
417 0.275 0.2125
418 0.325 0.19
419 0.175 0.2025
420 0.325 0.2125
421 0.325 0.21
422 0.275 0.2175
423 0.275 0.2225
424 0.25 0.2025
425 0.175 0.25
426 0.25 0.19
427 0.3 0.2475
428 0.375 0.2725
429 0.25 0.2125
430 0.425 0.2575
431 0.225 0.235
432 0.275 0.25
433 0.3 0.23
434 0.325 0.2975
435 0.375 0.235
436 0.275 0.28
437 0.275 0.245
438 0.175 0.255
439 0.3 0.2225
440 0.225 0.245
441 0.2 0.2525
442 0.375 0.21
443 0.325 0.27
444 0.35 0.2775
445 0.475 0.2
446 0.325 0.24
447 0.25 0.2075
448 0.2 0.225
449 0.3 0.195
450 0.325 0.255
451 0.325 0.2575
452 0.25 0.2725
453 0.25 0.2725
454 0.425 0.24
455 0.3 0.2325
456 0.325 0.2725
457 0.325 0.2575
458 0.275 0.26
459 0.325 0.2475
460 0.225 0.2475
461 0.225 0.245
462 0.475 0.255
463 0.15 0.265
464 0.3 0.2125
465 0.225 0.3
466 0.45 0.2475
467 0.375 0.275
468 0.35 0.2575
469 0.3 0.2425
470 0.375 0.2375
471 0.25 0.215
472 0.2 0.2425
473 0.425 0.2625
474 0.3 0.2875
475 0.325 0.275
476 0.35 0.27
477 0.225 0.2925
478 0.075 0.2625
479 0.3 0.265
480 0.4 0.2725
481 0.425 0.265
482 0.35 0.2925
483 0.4 0.3025
484 0.275 0.25
485 0.275 0.3125
486 0.3 0.295
487 0.225 0.295
488 0.2 0.215
489 0.325 0.265
490 0.325 0.2725
491 0.275 0.2575
492 0.3 0.2575
493 0.375 0.2875
494 0.325 0.25
495 0.325 0.2575
496 0.3 0.2625
497 0.3 0.265
498 0.2 0.2425
499 0.4 0.29
500 0.375 0.29
501 0.375 0.2125
502 0.175 0.2375
503 0.25 0.245
504 0.325 0.2925
505 0.3 0.235
506 0.2 0.245
507 0.35 0.27
508 0.3 0.265
509 0.25 0.3225
510 0.4 0.275
511 0.3 0.2625
512 0.225 0.26
513 0.35 0.2525
514 0.325 0.2575
515 0.4 0.275
516 0.4 0.275
517 0.425 0.26
518 0.375 0.2725
519 0.3 0.295
520 0.35 0.2925
521 0.3 0.2625
522 0.3 0.2825
523 0.4 0.2325
524 0.4 0.2775
525 0.35 0.2725
526 0.375 0.34
527 0.4 0.295
528 0.475 0.3325
529 0.3 0.2725
530 0.425 0.275
531 0.25 0.2725
532 0.3 0.275
533 0.3 0.2525
534 0.325 0.26
535 0.4 0.3225
536 0.475 0.3275
537 0.225 0.3275
538 0.225 0.265
539 0.4 0.2725
540 0.475 0.29
541 0.225 0.3
542 0.35 0.3
543 0.375 0.275
544 0.3 0.3075
545 0.6 0.2625
546 0.375 0.2625
547 0.275 0.335
548 0.325 0.3125
549 0.35 0.2775
550 0.35 0.3325
551 0.475 0.2725
552 0.45 0.2875
553 0.45 0.225
554 0.325 0.3125
555 0.35 0.265
556 0.25 0.29
557 0.425 0.2975
558 0.275 0.2825
559 0.275 0.285
560 0.425 0.3025
561 0.375 0.255
562 0.275 0.2875
563 0.5 0.3075
564 0.45 0.2825
565 0.325 0.31
566 0.35 0.2775
567 0.375 0.2875
568 0.45 0.2875
569 0.4 0.255
570 0.45 0.34
571 0.35 0.285
572 0.5 0.28
573 0.325 0.27
574 0.475 0.3075
575 0.3 0.2875
576 0.475 0.2525
577 0.275 0.3525
578 0.425 0.27
579 0.35 0.245
580 0.275 0.2725
581 0.425 0.2625
582 0.425 0.3325
583 0.5 0.26
584 0.275 0.27
585 0.225 0.2825
586 0.4 0.27
587 0.4 0.2625
588 0.4 0.2625
589 0.5 0.2575
590 0.325 0.2975
591 0.3 0.2675
592 0.275 0.29
593 0.45 0.3075
594 0.325 0.2925
595 0.45 0.28
596 0.425 0.3125
597 0.45 0.3
598 0.5 0.295
599 0.5 0.29
600 0.35 0.34
601 0.35 0.2575
602 0.4 0.3075
603 0.45 0.325
604 0.3 0.2975
605 0.475 0.325
606 0.325 0.2425
607 0.475 0.3025
608 0.375 0.2825
609 0.4 0.3025
610 0.4 0.355
611 0.55 0.3175
612 0.3 0.2975
613 0.5 0.295
614 0.4 0.2525
615 0.5 0.2675
616 0.25 0.345
617 0.4 0.305
618 0.475 0.3325
619 0.525 0.3225
620 0.425 0.335
621 0.425 0.3625
622 0.475 0.3475
623 0.4 0.29
624 0.5 0.3125
625 0.425 0.32
626 0.425 0.2775
627 0.5 0.3225
628 0.425 0.2775
629 0.425 0.29
630 0.35 0.2525
631 0.225 0.275
632 0.325 0.31
633 0.275 0.295
634 0.325 0.2875
635 0.375 0.255
636 0.375 0.29
637 0.375 0.2575
638 0.325 0.2725
639 0.375 0.275
640 0.5 0.2875
641 0.475 0.28
642 0.4 0.295
643 0.3 0.29
644 0.275 0.3125
645 0.4 0.2875
646 0.425 0.3275
647 0.3 0.31
648 0.35 0.2875
649 0.375 0.2975
650 0.35 0.28
651 0.45 0.2925
652 0.25 0.2775
653 0.3 0.2875
654 0.35 0.33
655 0.5 0.3125
656 0.375 0.295
657 0.425 0.3525
658 0.5 0.3425
659 0.525 0.3225
660 0.375 0.3075
661 0.4 0.335
662 0.4 0.33
663 0.525 0.3175
664 0.325 0.34
665 0.5 0.3275
666 0.4 0.3475
667 0.325 0.29
668 0.325 0.345
669 0.475 0.325
670 0.425 0.3
671 0.45 0.31
672 0.425 0.3775
673 0.575 0.2875
674 0.45 0.3225
675 0.25 0.2875
676 0.375 0.3
677 0.475 0.3025
678 0.375 0.2975
679 0.45 0.2725
680 0.525 0.3375
681 0.35 0.325
682 0.475 0.295
683 0.525 0.3075
684 0.375 0.325
685 0.425 0.3025
686 0.475 0.3575
687 0.275 0.3375
688 0.4 0.3625
689 0.35 0.295
690 0.375 0.29
691 0.475 0.3125
692 0.35 0.355
693 0.35 0.335
694 0.375 0.2875
695 0.425 0.2725
696 0.45 0.33
697 0.425 0.3
698 0.45 0.3
699 0.4 0.3
700 0.6 0.3375
701 0.4 0.32
702 0.425 0.285
703 0.45 0.3225
704 0.4 0.28
705 0.375 0.2925
706 0.45 0.275
707 0.425 0.3175
708 0.425 0.2875
709 0.325 0.355
710 0.45 0.3275
711 0.425 0.3025
712 0.45 0.335
713 0.45 0.315
714 0.4 0.2975
715 0.4 0.3175
716 0.425 0.26
717 0.4 0.3225
718 0.4 0.31
719 0.475 0.3425
720 0.425 0.3125
721 0.4 0.345
722 0.475 0.3225
723 0.575 0.295
724 0.525 0.3275
725 0.3 0.34
726 0.475 0.3525
727 0.475 0.3425
728 0.45 0.33
729 0.425 0.345
730 0.275 0.3
731 0.4 0.3325
732 0.425 0.3325
733 0.5 0.365
734 0.525 0.365
735 0.625 0.345
736 0.475 0.3125
737 0.475 0.3275
738 0.4 0.355
739 0.35 0.3225
740 0.425 0.3625
741 0.5 0.3575
742 0.525 0.3075
743 0.375 0.325
744 0.275 0.3
745 0.55 0.3275
746 0.475 0.3325
747 0.375 0.3225
748 0.525 0.3275
749 0.45 0.3025
750 0.6 0.315
751 0.475 0.3025
752 0.4 0.34
753 0.4 0.3725
754 0.525 0.325
755 0.525 0.34
756 0.45 0.3325
757 0.475 0.3625
758 0.425 0.38
759 0.6 0.3625
760 0.5 0.3525
761 0.475 0.385
762 0.425 0.265
763 0.375 0.3325
764 0.55 0.3125
765 0.45 0.3575
766 0.4 0.31
767 0.525 0.34
768 0.45 0.31
769 0.575 0.35
770 0.5 0.3125
771 0.425 0.2775
772 0.475 0.355
773 0.375 0.34
774 0.525 0.385
775 0.4 0.335
776 0.525 0.2925
777 0.55 0.335
778 0.5 0.3725
779 0.375 0.3325
780 0.575 0.2825
781 0.45 0.325
782 0.575 0.29
783 0.45 0.3125
784 0.375 0.345
785 0.4 0.315
786 0.475 0.305
787 0.425 0.3225
788 0.425 0.2975
789 0.425 0.315
790 0.4 0.3475
791 0.4 0.35
792 0.35 0.3325
793 0.3 0.315
794 0.475 0.325
795 0.4 0.3225
796 0.425 0.2825
797 0.3 0.3275
798 0.45 0.3325
799 0.425 0.32
800 0.475 0.3475
801 0.35 0.3475
802 0.475 0.335
803 0.425 0.325
804 0.45 0.365
805 0.4 0.3425
806 0.475 0.35
807 0.275 0.3175
808 0.575 0.345
809 0.325 0.315
810 0.375 0.3225
811 0.475 0.3175
812 0.4 0.305
813 0.425 0.3275
814 0.65 0.3225
815 0.425 0.325
816 0.375 0.34
817 0.45 0.3525
818 0.375 0.3825
819 0.475 0.315
820 0.4 0.335
821 0.525 0.2925
822 0.45 0.305
823 0.475 0.3525
824 0.525 0.3325
825 0.55 0.3275
826 0.425 0.3325
827 0.45 0.3525
828 0.4 0.3625
829 0.425 0.3625
830 0.375 0.3575
831 0.525 0.3475
832 0.45 0.33
833 0.525 0.3575
834 0.5 0.3925
835 0.5 0.37
836 0.325 0.375
837 0.6 0.37
838 0.375 0.395
839 0.475 0.355
840 0.65 0.365
841 0.475 0.3325
842 0.475 0.37
843 0.45 0.4025
844 0.6 0.3375
845 0.5 0.3325
846 0.4 0.335
847 0.45 0.3675
848 0.5 0.3475
849 0.45 0.325
850 0.375 0.35
851 0.55 0.3475
852 0.525 0.315
853 0.475 0.3375
854 0.4 0.345
855 0.625 0.38
856 0.575 0.38
857 0.475 0.33
858 0.525 0.35
859 0.525 0.35
860 0.5 0.35
861 0.55 0.37
862 0.525 0.3975
863 0.55 0.37
864 0.575 0.3125
865 0.4 0.3275
866 0.6 0.35
867 0.575 0.355
868 0.45 0.3525
869 0.55 0.3475
870 0.35 0.31
871 0.525 0.3625
872 0.4 0.365
873 0.55 0.3575
874 0.3 0.3975
875 0.475 0.3725
876 0.575 0.3725
877 0.55 0.395
878 0.5 0.3625
879 0.45 0.31
880 0.525 0.3325
881 0.6 0.355
882 0.525 0.39
883 0.65 0.3425
884 0.525 0.39
885 0.525 0.3575
886 0.525 0.365
887 0.5 0.3275
888 0.525 0.3325
889 0.575 0.2925
890 0.425 0.34
891 0.6 0.3225
892 0.375 0.3075
893 0.525 0.3025
894 0.625 0.3325
895 0.625 0.3575
896 0.65 0.3525
897 0.375 0.36
898 0.375 0.3225
899 0.475 0.35
900 0.6 0.3825
901 0.5 0.3675
902 0.5 0.3525
903 0.5 0.4075
904 0.475 0.3675
905 0.475 0.3725
906 0.425 0.3075
907 0.65 0.3275
908 0.5 0.305
909 0.5 0.355
910 0.5 0.3425
911 0.525 0.355
912 0.55 0.37
913 0.4 0.3525
914 0.6 0.37
915 0.45 0.375
916 0.475 0.3475
917 0.5 0.3675
918 0.55 0.3725
919 0.375 0.3475
920 0.7 0.3425
921 0.475 0.3925
922 0.425 0.3975
923 0.525 0.3175
924 0.55 0.3225
925 0.4 0.345
926 0.55 0.3725
927 0.375 0.3475
928 0.425 0.3525
929 0.55 0.34
930 0.475 0.32
931 0.575 0.35
932 0.5 0.3525
933 0.45 0.335
934 0.5 0.375
935 0.475 0.325
936 0.55 0.38
937 0.375 0.32
938 0.525 0.345
939 0.625 0.3575
940 0.55 0.325
941 0.5 0.3725
942 0.475 0.3225
943 0.525 0.365
944 0.525 0.3325
945 0.425 0.3
946 0.525 0.3475
947 0.5 0.3275
948 0.6 0.3025
949 0.45 0.35
950 0.525 0.325
951 0.525 0.385
952 0.525 0.405
953 0.65 0.38
954 0.45 0.375
955 0.475 0.375
956 0.45 0.395
957 0.7 0.3575
958 0.5 0.4
959 0.575 0.29
960 0.525 0.325
961 0.5 0.38
962 0.45 0.3875
963 0.5 0.355
964 0.525 0.3625
965 0.525 0.34
966 0.55 0.3225
967 0.575 0.3225
968 0.475 0.3225
969 0.5 0.3275
970 0.625 0.3675
971 0.55 0.33
972 0.475 0.3125
973 0.525 0.34
974 0.575 0.36
975 0.5 0.405
976 0.55 0.3875
977 0.6 0.3725
978 0.575 0.4325
979 0.65 0.3575
980 0.55 0.3375
981 0.525 0.3175
982 0.6 0.32
983 0.475 0.365
984 0.625 0.3825
985 0.55 0.36
986 0.7 0.3625
987 0.55 0.35
988 0.625 0.345
989 0.575 0.4075
990 0.55 0.385
991 0.4 0.3675
992 0.525 0.3375
993 0.575 0.36
994 0.525 0.3175
995 0.575 0.36
996 0.45 0.3625
997 0.525 0.37
998 0.425 0.3375
999 0.625 0.4
1000 0.525 0.385
1001 0.6 0.38
1002 0.55 0.34
1003 0.55 0.405
1004 0.575 0.3475
1005 0.5 0.365
1006 0.6 0.3575
1007 0.575 0.4275
1008 0.55 0.385
1009 0.575 0.365
1010 0.6 0.3825
1011 0.475 0.395
1012 0.625 0.39
1013 0.625 0.39
1014 0.6 0.385
1015 0.625 0.395
1016 0.525 0.395
1017 0.475 0.3425
1018 0.6 0.345
1019 0.75 0.385
1020 0.525 0.34
1021 0.65 0.3675
1022 0.525 0.3525
1023 0.6 0.38
1024 0.575 0.33
1025 0.425 0.38
1026 0.45 0.3425
1027 0.55 0.37
1028 0.475 0.36
1029 0.625 0.3425
1030 0.5 0.3625
1031 0.55 0.37
1032 0.425 0.3475
1033 0.625 0.31
1034 0.675 0.3625
1035 0.525 0.345
1036 0.525 0.415
1037 0.525 0.345
1038 0.475 0.3975
1039 0.6 0.325
1040 0.5 0.355
1041 0.5 0.3325
1042 0.475 0.36
1043 0.625 0.375
1044 0.625 0.38
1045 0.45 0.365
1046 0.65 0.385
1047 0.5 0.3825
1048 0.575 0.405
1049 0.55 0.3825
1050 0.525 0.3625
1051 0.675 0.38
1052 0.675 0.35
1053 0.65 0.3875
1054 0.65 0.3425
1055 0.5 0.4
1056 0.65 0.435
1057 0.475 0.37
1058 0.45 0.3925
1059 0.575 0.3925
1060 0.6 0.3775
1061 0.65 0.39
1062 0.45 0.38
1063 0.5 0.3575
1064 0.65 0.385
1065 0.65 0.3925
1066 0.675 0.37
1067 0.7 0.38
1068 0.625 0.34
1069 0.525 0.42
1070 0.625 0.365
1071 0.7 0.4025
1072 0.625 0.4025
1073 0.5 0.39
1074 0.625 0.36
1075 0.6 0.335
1076 0.6 0.3475
1077 0.675 0.425
1078 0.75 0.375
1079 0.675 0.3525
1080 0.55 0.355
1081 0.525 0.3625
1082 0.4 0.3475
1083 0.425 0.395
1084 0.575 0.3275
1085 0.65 0.4425
1086 0.5 0.35
1087 0.575 0.345
1088 0.65 0.345
1089 0.65 0.325
1090 0.725 0.355
1091 0.625 0.34
1092 0.575 0.375
1093 0.45 0.3825
1094 0.575 0.3875
1095 0.5 0.425
1096 0.625 0.39
1097 0.55 0.4225
1098 0.55 0.3525
1099 0.575 0.3975
1100 0.675 0.4
1101 0.625 0.365
1102 0.6 0.41
1103 0.65 0.39
1104 0.7 0.345
1105 0.6 0.3675
1106 0.65 0.365
1107 0.55 0.38
1108 0.65 0.365
1109 0.6 0.385
1110 0.6 0.3575
1111 0.725 0.4
1112 0.525 0.39
1113 0.5 0.375
1114 0.575 0.33
1115 0.6 0.365
1116 0.55 0.3925
1117 0.45 0.43
1118 0.475 0.4075
1119 0.55 0.3925
1120 0.625 0.385
1121 0.675 0.3575
1122 0.45 0.35
1123 0.6 0.35
1124 0.425 0.36
1125 0.625 0.365
1126 0.575 0.35
1127 0.575 0.3275
1128 0.675 0.37
1129 0.775 0.4025
1130 0.625 0.3725
1131 0.55 0.3675
1132 0.55 0.3725
1133 0.625 0.3725
1134 0.625 0.4
1135 0.625 0.395
1136 0.55 0.4325
1137 0.675 0.3725
1138 0.6 0.4325
1139 0.55 0.3625
1140 0.7 0.38
1141 0.625 0.375
1142 0.45 0.3425
1143 0.625 0.3875
1144 0.575 0.345
1145 0.75 0.38
1146 0.5 0.3825
1147 0.5 0.3875
1148 0.6 0.3775
1149 0.5 0.4025
1150 0.675 0.34
1151 0.55 0.395
1152 0.6 0.395
1153 0.6 0.355
1154 0.575 0.4125
1155 0.7 0.34
1156 0.6 0.375
1157 0.675 0.4125
1158 0.625 0.4
1159 0.675 0.38
1160 0.6 0.3725
1161 0.6 0.32
1162 0.625 0.335
1163 0.525 0.3975
1164 0.55 0.3625
1165 0.65 0.395
1166 0.65 0.37
1167 0.55 0.3975
1168 0.65 0.39
1169 0.625 0.41
1170 0.725 0.4225
1171 0.675 0.4075
1172 0.6 0.385
1173 0.625 0.3875
1174 0.65 0.405
1175 0.7 0.4375
1176 0.625 0.435
1177 0.55 0.475
1178 0.7 0.365
1179 0.775 0.35
1180 0.65 0.43
1181 0.7 0.4075
1182 0.675 0.37
1183 0.6 0.36
1184 0.775 0.3975
1185 0.6 0.4075
1186 0.575 0.4075
1187 0.7 0.38
1188 0.725 0.4075
1189 0.625 0.42
1190 0.625 0.455
1191 0.475 0.4275
1192 0.65 0.4175
1193 0.7 0.4075
1194 0.575 0.425
1195 0.6 0.435
1196 0.675 0.3725
1197 0.5 0.3725
1198 0.5 0.3425
1199 0.725 0.405
1200 0.65 0.3625
1201 0.675 0.395
1202 0.65 0.41
1203 0.55 0.4175
1204 0.8 0.3375
1205 0.625 0.41
1206 0.675 0.35
1207 0.775 0.4325
1208 0.675 0.3725
1209 0.6 0.365
1210 0.65 0.425
1211 0.7 0.3975
1212 0.625 0.39
1213 0.65 0.4025
1214 0.725 0.39
1215 0.6 0.4225
1216 0.5 0.365
1217 0.675 0.415
1218 0.65 0.385
1219 0.6 0.41
1220 0.65 0.3825
1221 0.7 0.3925
1222 0.725 0.3825
1223 0.6 0.3425
1224 0.7 0.34
1225 0.6 0.335
1226 0.65 0.3825
1227 0.55 0.36
1228 0.725 0.435
1229 0.65 0.355
1230 0.675 0.3775
1231 0.725 0.4275
1232 0.7 0.3975
1233 0.525 0.4075
1234 0.525 0.4125
1235 0.575 0.3475
1236 0.55 0.3725
1237 0.65 0.36
1238 0.625 0.3775
1239 0.525 0.39
1240 0.7 0.37
1241 0.55 0.3575
1242 0.625 0.3425
1243 0.675 0.3775
1244 0.575 0.3625
1245 0.725 0.395
1246 0.75 0.39
1247 0.725 0.35
1248 0.65 0.38
1249 0.625 0.3825
1250 0.75 0.41
1251 0.725 0.405
1252 0.575 0.3775
1253 0.6 0.4275
1254 0.7 0.385
1255 0.625 0.3725
1256 0.675 0.4
1257 0.65 0.4625
1258 0.7 0.425
1259 0.6 0.45
1260 0.725 0.4
1261 0.725 0.405
1262 0.5 0.415
1263 0.7 0.4025
1264 0.65 0.3775
1265 0.825 0.4075
1266 0.6 0.395
1267 0.525 0.41
1268 0.675 0.4625
1269 0.725 0.395
1270 0.8 0.4175
1271 0.625 0.365
1272 0.625 0.4075
1273 0.675 0.4075
1274 0.725 0.425
1275 0.825 0.3925
1276 0.7 0.4125
1277 0.6 0.4175
1278 0.6 0.305
1279 0.8 0.3825
1280 0.7 0.4075
1281 0.55 0.4175
1282 0.7 0.435
1283 0.75 0.4175
1284 0.65 0.4175
1285 0.675 0.365
1286 0.7 0.3925
1287 0.8 0.45
1288 0.7 0.405
1289 0.75 0.4175
1290 0.775 0.41
1291 0.575 0.4425
1292 0.8 0.445
1293 0.625 0.42
1294 0.65 0.3975
1295 0.675 0.3975
1296 0.7 0.4075
1297 0.55 0.39
1298 0.7 0.3925
1299 0.575 0.3725
1300 0.625 0.395
1301 0.6 0.34
1302 0.75 0.3975
1303 0.775 0.41
1304 0.75 0.455
1305 0.675 0.395
1306 0.65 0.4125
1307 0.575 0.43
1308 0.7 0.4425
1309 0.7 0.355
1310 0.65 0.355
1311 0.675 0.4075
1312 0.8 0.39
1313 0.625 0.3675
1314 0.725 0.4175
1315 0.575 0.4025
1316 0.625 0.35
1317 0.575 0.3725
1318 0.7 0.4225
1319 0.675 0.355
1320 0.625 0.41
1321 0.75 0.38
1322 0.6 0.4375
1323 0.675 0.3825
1324 0.7 0.395
1325 0.875 0.4075
1326 0.625 0.395
1327 0.675 0.3775
1328 0.625 0.355
1329 0.675 0.3625
1330 0.75 0.39
1331 0.75 0.395
1332 0.675 0.4
1333 0.65 0.445
1334 0.55 0.405
1335 0.7 0.3675
1336 0.65 0.47
1337 0.65 0.41
1338 0.825 0.465
1339 0.65 0.4325
1340 0.75 0.405
1341 0.65 0.415
1342 0.575 0.4075
1343 0.725 0.4275
1344 0.775 0.435
1345 0.825 0.38
1346 0.625 0.3975
1347 0.7 0.4025
1348 0.75 0.4125
1349 0.575 0.3775
1350 0.7 0.385
1351 0.85 0.365
1352 0.725 0.38
1353 0.675 0.4125
1354 0.6 0.375
1355 0.525 0.42
1356 0.7 0.4075
1357 0.7 0.3925
1358 0.725 0.44
1359 0.65 0.3975
1360 0.675 0.4375
1361 0.825 0.4125
1362 0.65 0.47
1363 0.7 0.39
1364 0.825 0.4575
1365 0.65 0.3825
1366 0.675 0.44
1367 0.775 0.39
1368 0.575 0.4
1369 0.6 0.37
1370 0.7 0.355
1371 0.65 0.425
1372 0.875 0.4075
1373 0.625 0.4175
1374 0.625 0.3975
1375 0.725 0.415
1376 0.5 0.375
1377 0.75 0.3775
1378 0.625 0.4025
1379 0.725 0.3825
1380 0.65 0.35
1381 0.625 0.3775
1382 0.6 0.3825
1383 0.825 0.39
1384 0.575 0.4325
1385 0.775 0.395
1386 0.725 0.385
1387 0.65 0.375
1388 0.75 0.4
1389 0.675 0.4325
1390 0.675 0.3675
1391 0.825 0.4075
1392 0.625 0.415
1393 0.525 0.42
1394 0.6 0.4175
1395 0.675 0.4125
1396 0.825 0.4
1397 0.6 0.41
1398 0.675 0.4025
1399 0.7 0.41
1400 0.775 0.41
1401 0.525 0.45
1402 0.8 0.4225
1403 0.625 0.42
1404 0.675 0.445
1405 0.85 0.4125
1406 0.7 0.4175
1407 0.825 0.4175
1408 0.75 0.3775
1409 0.7 0.4025
1410 0.65 0.4075
1411 0.7 0.4575
1412 0.75 0.4025
1413 0.7 0.42
1414 0.775 0.3975
1415 0.6 0.41
1416 0.65 0.41
1417 0.775 0.385
1418 0.75 0.4375
1419 0.775 0.4225
1420 0.75 0.4425
1421 0.8 0.42
1422 0.675 0.4175
1423 0.85 0.405
1424 0.775 0.405
1425 0.675 0.3725
1426 0.8 0.4225
1427 0.7 0.3725
1428 0.6 0.4075
1429 0.7 0.38
1430 0.7 0.41
1431 0.675 0.395
1432 0.75 0.3875
1433 0.675 0.4425
1434 0.775 0.3725
1435 0.775 0.3925
1436 0.625 0.4125
1437 0.7 0.39
1438 0.775 0.3875
1439 0.725 0.37
1440 0.65 0.42
1441 0.675 0.4275
1442 0.7 0.43
1443 0.675 0.425
1444 0.8 0.3675
1445 0.7 0.3825
1446 0.8 0.4325
1447 0.625 0.4175
1448 0.85 0.485
1449 0.825 0.4025
1450 0.75 0.395
1451 0.675 0.4225
1452 0.65 0.4
1453 0.75 0.3625
1454 0.8 0.445
1455 0.675 0.4
1456 0.85 0.3975
1457 0.775 0.41
1458 0.85 0.4225
1459 0.65 0.4525
1460 0.75 0.405
1461 0.775 0.365
1462 0.8 0.42
1463 0.65 0.43
1464 0.85 0.4175
1465 0.825 0.4125
1466 0.775 0.415
1467 0.925 0.4875
1468 0.775 0.4525
1469 0.775 0.4625
1470 0.825 0.4225
1471 0.85 0.4025
1472 0.65 0.4625
1473 0.775 0.4125
1474 0.675 0.42
1475 0.8 0.4225
1476 0.75 0.44
1477 0.8 0.4625
1478 0.8 0.445
1479 0.775 0.4325
1480 0.85 0.44
1481 0.725 0.4325
1482 0.75 0.395
1483 0.675 0.4425
1484 0.775 0.41
1485 0.775 0.3675
1486 0.65 0.3775
1487 0.625 0.37
1488 0.65 0.3825
1489 0.6 0.405
1490 0.65 0.455
1491 0.575 0.45
1492 0.625 0.44
1493 0.85 0.435
1494 0.75 0.385
1495 0.775 0.4
1496 0.875 0.405
1497 0.825 0.4025
1498 0.7 0.425
1499 0.6 0.4375
1500 0.875 0.385
1501 0.65 0.4375
1502 0.75 0.38
1503 0.625 0.3625
1504 0.725 0.435
1505 0.75 0.4125
1506 0.675 0.44
1507 0.8 0.4125
1508 0.625 0.3975
1509 0.7 0.3725
1510 0.825 0.4175
1511 0.65 0.36
1512 0.725 0.4275
1513 0.75 0.4475
1514 0.6 0.37
1515 0.8 0.4075
1516 0.65 0.4
1517 0.825 0.4325
1518 0.75 0.4525
1519 0.775 0.4425
1520 0.775 0.405
1521 0.75 0.4075
1522 0.725 0.4425
1523 0.725 0.3875
1524 0.775 0.4325
1525 0.725 0.435
1526 0.725 0.42
1527 0.775 0.4025
1528 0.775 0.4675
1529 0.8 0.385
1530 0.85 0.4475
1531 0.875 0.435
1532 0.8 0.41
1533 0.75 0.4325
1534 0.75 0.3825
1535 0.725 0.4025
1536 0.85 0.4225
1537 0.575 0.3925
1538 0.8 0.4825
1539 0.725 0.48
1540 0.875 0.43
1541 0.85 0.4275
1542 0.85 0.4
1543 0.75 0.4125
1544 0.725 0.4075
1545 0.725 0.4575
1546 0.8 0.43
1547 0.8 0.3625
1548 0.75 0.42
1549 0.8 0.425
1550 0.8 0.425
1551 0.85 0.42
1552 0.85 0.3975
1553 0.75 0.415
1554 0.825 0.3975
1555 0.7 0.4675
1556 0.675 0.3975
1557 0.85 0.42
1558 0.75 0.3975
1559 0.7 0.39
1560 0.7 0.3925
1561 0.725 0.3975
1562 0.775 0.4
1563 0.725 0.41
1564 0.75 0.4075
1565 0.85 0.39
1566 0.8 0.3775
1567 0.8 0.4675
1568 0.775 0.42
1569 0.925 0.415
1570 0.725 0.445
1571 0.775 0.425
1572 0.85 0.4225
1573 0.725 0.38
1574 0.725 0.41
1575 0.825 0.42
1576 0.675 0.37
1577 0.725 0.3925
1578 0.75 0.3725
1579 0.725 0.42
1580 0.825 0.37
1581 0.675 0.4
1582 0.725 0.44
1583 0.775 0.4325
1584 0.75 0.3925
1585 0.85 0.455
1586 0.85 0.4275
1587 0.9 0.3925
1588 0.725 0.34
1589 0.75 0.3975
1590 0.625 0.3775
1591 0.625 0.3525
1592 0.8 0.37
1593 0.725 0.375
1594 0.725 0.415
1595 0.8 0.405
1596 0.75 0.4225
1597 0.875 0.3825
1598 0.85 0.4075
1599 0.775 0.405
1600 0.8 0.3925
1601 0.75 0.485
1602 0.85 0.38
1603 0.8 0.415
1604 0.75 0.4025
1605 0.85 0.3675
1606 0.775 0.4175
1607 0.725 0.3775
1608 0.85 0.3675
1609 0.75 0.4425
1610 0.85 0.4325
1611 0.75 0.4025
1612 0.75 0.3775
1613 0.725 0.3825
1614 0.625 0.4425
1615 0.775 0.395
1616 0.775 0.45
1617 0.775 0.3975
1618 0.825 0.43
1619 0.85 0.3925
1620 0.825 0.455
1621 0.75 0.395
1622 0.7 0.445
1623 0.8 0.4175
1624 0.75 0.4325
1625 0.8 0.4175
1626 0.775 0.48
1627 0.85 0.465
1628 0.875 0.445
1629 0.85 0.445
1630 0.8 0.4425
1631 0.875 0.445
1632 0.75 0.46
1633 0.775 0.4025
1634 0.7 0.395
1635 0.7 0.42
1636 0.8 0.415
1637 0.875 0.4575
1638 0.8 0.4175
1639 0.875 0.385
1640 0.8 0.4025
1641 0.825 0.455
1642 0.675 0.4025
1643 0.825 0.44
1644 0.75 0.43
1645 0.85 0.42
1646 0.75 0.43
1647 0.7 0.44
1648 0.825 0.425
1649 0.725 0.4325
1650 0.75 0.4525
1651 0.825 0.47
1652 0.675 0.3975
1653 0.775 0.42
1654 0.85 0.41
1655 0.775 0.3725
1656 0.85 0.3875
1657 0.725 0.415
1658 0.775 0.465
1659 0.75 0.4625
1660 0.825 0.3725
1661 0.8 0.46
1662 0.825 0.43
1663 0.8 0.4125
1664 0.775 0.455
1665 0.75 0.43
1666 0.825 0.465
1667 0.7 0.4375
1668 0.725 0.42
1669 0.85 0.4375
1670 0.825 0.41
1671 0.75 0.4
1672 0.85 0.4275
1673 0.875 0.4475
1674 0.75 0.4825
1675 0.8 0.4175
1676 0.775 0.3875
1677 0.8 0.475
1678 0.8 0.385
1679 0.825 0.435
1680 0.925 0.42
1681 0.725 0.4275
1682 0.8 0.475
1683 0.775 0.4575
1684 0.725 0.475
1685 0.7 0.4875
1686 0.825 0.47
1687 0.85 0.4425
1688 0.725 0.465
1689 0.8 0.46
1690 0.775 0.48
1691 0.825 0.42
1692 0.9 0.415
1693 0.725 0.42
1694 0.85 0.44
1695 0.875 0.39
1696 0.825 0.4725
1697 0.8 0.415
1698 0.875 0.3725
1699 0.775 0.455
1700 0.85 0.4475
1701 0.85 0.4325
1702 0.775 0.4575
1703 0.75 0.4425
1704 0.85 0.46
1705 0.75 0.3975
1706 0.825 0.41
1707 0.875 0.4525
1708 0.8 0.4075
1709 1.0 0.4275
1710 0.85 0.465
1711 0.725 0.44
1712 0.775 0.4175
1713 0.75 0.48
1714 0.85 0.4325
1715 0.775 0.4525
1716 0.675 0.3975
1717 0.825 0.4775
1718 0.85 0.4575
1719 0.875 0.4275
1720 0.725 0.4575
1721 0.875 0.445
1722 0.875 0.4575
1723 0.75 0.4125
1724 0.85 0.4425
1725 0.875 0.465
1726 0.8 0.435
1727 0.9 0.46
1728 0.8 0.4525
1729 0.75 0.4825
1730 0.75 0.4075
1731 0.875 0.435
1732 0.85 0.44
1733 0.85 0.395
1734 0.725 0.4325
1735 0.85 0.3925
1736 0.65 0.435
1737 0.775 0.45
1738 0.8 0.435
1739 0.85 0.44
1740 0.8 0.4225
1741 0.8 0.43
1742 0.7 0.445
1743 0.725 0.4575
1744 0.875 0.495
1745 0.8 0.4425
1746 0.875 0.4675
1747 0.75 0.445
1748 0.85 0.5
1749 0.85 0.4475
1750 0.85 0.48
1751 0.825 0.425
1752 0.825 0.4425
1753 0.925 0.47
1754 0.9 0.4575
1755 0.9 0.44
1756 0.85 0.4375
1757 0.85 0.4325
1758 0.75 0.4475
1759 0.925 0.4475
1760 0.725 0.4825
1761 0.825 0.485
1762 0.875 0.3675
1763 0.8 0.455
1764 0.7 0.435
1765 0.875 0.4275
1766 0.85 0.4125
1767 0.85 0.44
1768 0.85 0.4375
1769 0.725 0.4525
1770 0.825 0.435
1771 0.875 0.435
1772 0.775 0.43
1773 0.925 0.4775
1774 0.825 0.4625
1775 0.825 0.4325
1776 0.825 0.445
1777 0.925 0.4225
1778 0.85 0.4275
1779 0.875 0.455
1780 0.8 0.4375
1781 0.825 0.42
1782 0.9 0.4975
1783 0.8 0.4675
1784 0.8 0.47
1785 0.875 0.4775
1786 0.775 0.475
1787 0.85 0.4375
1788 0.775 0.415
1789 0.85 0.42
1790 0.85 0.45
1791 0.875 0.4325
1792 0.875 0.4425
1793 0.8 0.43
1794 0.775 0.4325
1795 0.85 0.4125
1796 0.8 0.4475
1797 0.85 0.4
1798 0.825 0.4275
1799 0.8 0.375
1800 0.825 0.3975
1801 0.75 0.3925
1802 0.65 0.4325
1803 0.925 0.4225
1804 0.9 0.4475
1805 0.925 0.47
1806 0.875 0.47
1807 0.825 0.415
1808 0.7 0.4575
1809 0.875 0.4675
1810 0.85 0.43
1811 0.85 0.4975
1812 0.775 0.4175
1813 0.9 0.4275
1814 0.8 0.475
1815 0.725 0.4225
1816 0.775 0.405
1817 0.9 0.4375
1818 0.75 0.4175
1819 0.85 0.4525
1820 0.775 0.43
1821 0.85 0.455
1822 0.8 0.47
1823 0.775 0.45
1824 0.85 0.4675
1825 0.75 0.45
1826 0.825 0.5275
1827 0.85 0.465
1828 0.775 0.4125
1829 0.8 0.445
1830 0.725 0.44
1831 0.8 0.4625
1832 0.775 0.4675
1833 0.825 0.405
1834 0.875 0.4675
1835 0.9 0.415
1836 0.775 0.4575
1837 0.875 0.465
1838 0.85 0.4475
1839 0.85 0.45
1840 0.925 0.405
1841 0.9 0.4225
1842 0.925 0.435
1843 0.9 0.4225
1844 0.775 0.4525
1845 0.875 0.47
1846 0.9 0.45
1847 0.825 0.4625
1848 0.775 0.4525
1849 0.925 0.415
1850 0.825 0.4675
1851 0.8 0.4625
1852 0.8 0.485
1853 0.95 0.47
1854 0.875 0.43
1855 0.9 0.41
1856 0.925 0.47
1857 0.875 0.465
1858 0.85 0.4975
1859 0.825 0.45
1860 0.825 0.4825
1861 0.875 0.5
1862 0.85 0.385
1863 0.775 0.5
1864 0.8 0.4425
1865 0.8 0.4475
1866 0.775 0.4375
1867 0.9 0.4575
1868 0.925 0.415
1869 0.825 0.4625
1870 0.925 0.44
1871 0.925 0.44
1872 0.825 0.455
1873 0.9 0.4975
1874 0.85 0.4575
1875 0.875 0.475
1876 0.825 0.465
1877 0.825 0.4675
1878 0.825 0.465
1879 0.925 0.44
1880 0.9 0.455
1881 0.825 0.4625
1882 0.825 0.4825
1883 0.925 0.46
1884 0.85 0.45
1885 0.85 0.4575
1886 0.825 0.485
1887 0.925 0.465
1888 0.8 0.455
1889 0.9 0.4575
1890 0.875 0.4475
1891 0.825 0.4525
1892 0.85 0.4575
1893 0.825 0.4625
1894 0.875 0.4375
1895 0.825 0.485
1896 0.9 0.42
1897 0.85 0.4425
1898 0.8 0.465
1899 0.775 0.4775
1900 0.775 0.485
1901 0.85 0.4425
1902 0.825 0.535
1903 0.825 0.4525
1904 0.975 0.4725
1905 0.65 0.4925
1906 0.85 0.4225
1907 0.875 0.46
1908 0.9 0.4525
1909 0.925 0.4425
1910 0.875 0.44
1911 0.85 0.485
1912 0.875 0.4575
1913 0.8 0.475
1914 0.925 0.43
1915 0.925 0.4425
1916 0.875 0.4425
1917 0.875 0.42
1918 0.875 0.4375
1919 0.8 0.4775
1920 0.875 0.4975
1921 0.85 0.4975
1922 0.95 0.4675
1923 0.925 0.49
1924 0.825 0.445
1925 0.875 0.515
1926 0.925 0.4475
1927 0.9 0.4575
1928 0.75 0.44
1929 0.8 0.425
1930 0.725 0.4825
1931 0.775 0.4575
1932 0.85 0.4425
1933 0.825 0.445
1934 0.825 0.44
1935 0.8 0.46
1936 0.775 0.43
1937 0.9 0.4125
1938 0.825 0.4225
1939 0.95 0.45
1940 0.9 0.44
1941 0.825 0.44
1942 0.825 0.49
1943 0.85 0.4425
1944 0.9 0.4525
1945 0.875 0.4475
1946 0.925 0.4375
1947 0.9 0.4425
1948 0.925 0.4825
1949 0.85 0.415
1950 0.875 0.4475
1951 0.825 0.4175
1952 0.9 0.445
1953 0.825 0.4275
1954 0.775 0.4825
1955 0.95 0.4625
1956 0.95 0.45
1957 0.9 0.435
1958 0.9 0.46
1959 0.875 0.485
1960 0.875 0.4375
1961 0.95 0.44
1962 0.9 0.4
1963 0.875 0.4675
1964 0.8 0.4325
1965 0.9 0.4375
1966 0.875 0.4725
1967 0.925 0.4525
1968 0.975 0.4525
1969 0.9 0.435
1970 0.9 0.4775
1971 0.85 0.48
1972 0.8 0.4825
1973 0.925 0.445
1974 0.85 0.485
1975 0.925 0.4775
1976 0.9 0.46
1977 0.8 0.4725
1978 0.9 0.47
1979 0.875 0.4625
1980 0.875 0.525
1981 0.925 0.4725
1982 0.9 0.51
1983 0.875 0.465
1984 0.9 0.4725
1985 0.95 0.4325
1986 0.725 0.455
1987 0.925 0.515
1988 0.875 0.465
1989 0.925 0.4225
1990 0.975 0.4525
1991 0.925 0.4825
1992 0.85 0.4725
1993 0.95 0.4775
1994 1.0 0.46
1995 0.925 0.4625
1996 0.85 0.4825
1997 0.9 0.45
1998 0.925 0.4675
1999 0.9 0.505
2000 0.95 0.42
2001 0.9 0.5
2002 0.85 0.455
2003 0.925 0.405
2004 0.85 0.4375
2005 0.775 0.4625
2006 0.925 0.49
2007 0.9 0.4425
2008 0.85 0.4375
2009 0.85 0.44
2010 0.95 0.54
2011 0.95 0.465
2012 0.95 0.45
2013 0.825 0.4675
2014 0.9 0.5025
2015 0.85 0.44
2016 0.925 0.4325
2017 0.875 0.4825
2018 0.9 0.4375
2019 0.825 0.4575
2020 0.75 0.37
2021 0.9 0.47
2022 0.825 0.43
2023 0.925 0.435
2024 0.975 0.4875
2025 0.925 0.42
2026 0.825 0.415
2027 0.95 0.48
2028 0.95 0.48
2029 0.975 0.47
2030 0.875 0.47
2031 0.725 0.4725
2032 0.925 0.4575
2033 0.95 0.4475
2034 0.925 0.455
2035 0.925 0.4775
2036 0.85 0.47
2037 0.875 0.445
2038 0.725 0.4875
2039 0.925 0.515
2040 0.975 0.465
2041 0.825 0.4725
2042 0.85 0.455
2043 0.925 0.4425
2044 0.875 0.4125
2045 0.925 0.4075
2046 0.85 0.4675
2047 0.85 0.4675
2048 0.95 0.415
2049 0.85 0.475
2050 0.925 0.4325
2051 0.85 0.5175
2052 0.9 0.465
2053 0.85 0.49
2054 0.9 0.4625
2055 1.0 0.4975
2056 0.95 0.4875
2057 0.9 0.4875
2058 0.9 0.45
2059 0.95 0.4775
2060 0.875 0.4425
2061 0.875 0.465
2062 0.875 0.495
2063 0.9 0.4525
2064 0.875 0.4875
2065 0.875 0.4375
2066 0.875 0.4825
2067 0.9 0.4825
2068 0.9 0.45
2069 0.85 0.475
2070 0.975 0.4625
2071 0.85 0.4
2072 0.85 0.44
2073 0.825 0.46
2074 0.925 0.4275
2075 0.925 0.4175
2076 0.925 0.4
2077 0.775 0.4275
2078 0.9 0.45
2079 0.9 0.5075
2080 0.85 0.4875
2081 0.925 0.48
2082 0.825 0.4825
2083 0.85 0.44
2084 0.8 0.465
2085 0.85 0.48
2086 0.975 0.445
2087 0.8 0.4475
2088 0.875 0.4325
2089 0.875 0.45
2090 0.95 0.4875
2091 0.95 0.485
2092 0.925 0.485
2093 0.925 0.4275
2094 0.875 0.4475
2095 0.825 0.4575
2096 0.9 0.4425
2097 0.95 0.44
2098 0.875 0.425
2099 0.925 0.43
2100 0.875 0.48
2101 0.875 0.4575
2102 0.925 0.4875
2103 0.875 0.5175
2104 0.9 0.4875
2105 0.95 0.48
2106 0.85 0.4525
2107 0.875 0.4025
2108 0.9 0.47
2109 0.825 0.4325
2110 0.8 0.4575
2111 0.875 0.4025
2112 0.975 0.4825
2113 0.95 0.4675
2114 0.925 0.4375
2115 0.8 0.5175
2116 0.85 0.5025
2117 0.95 0.475
2118 0.925 0.4575
2119 0.95 0.51
2120 0.95 0.4675
2121 0.95 0.4075
2122 0.975 0.485
2123 0.9 0.485
2124 0.875 0.4425
2125 0.925 0.45
2126 0.925 0.5075
2127 0.95 0.4975
2128 0.95 0.45
2129 0.9 0.4125
2130 0.925 0.4725
2131 0.9 0.425
2132 0.9 0.49
2133 0.95 0.4575
2134 0.975 0.46
2135 0.9 0.505
2136 0.975 0.4725
2137 0.925 0.48
2138 1.0 0.4625
2139 0.925 0.4575
2140 1.0 0.505
2141 0.9 0.49
2142 0.925 0.49
2143 0.875 0.4675
2144 0.875 0.4075
2145 0.8 0.46
2146 0.85 0.475
2147 0.95 0.475
2148 0.925 0.4675
2149 0.9 0.4775
2150 0.925 0.4325
2151 0.9 0.45
2152 0.85 0.4575
2153 0.95 0.48
2154 0.95 0.42
2155 0.925 0.4725
2156 0.875 0.415
2157 0.9 0.4775
2158 0.9 0.46
2159 0.85 0.495
2160 0.95 0.42
2161 0.975 0.485
2162 0.95 0.515
2163 0.925 0.47
2164 0.95 0.455
2165 0.925 0.4775
2166 0.95 0.495
2167 0.925 0.475
2168 0.8 0.5125
2169 0.925 0.435
2170 0.925 0.49
2171 0.925 0.5075
2172 0.8 0.515
2173 1.0 0.4425
2174 0.875 0.4525
2175 0.85 0.4525
2176 0.875 0.4525
2177 0.9 0.4825
2178 0.95 0.445
2179 0.9 0.4875
2180 0.925 0.4625
2181 0.875 0.445
2182 0.875 0.4425
2183 0.9 0.475
2184 0.9 0.475
2185 0.875 0.52
2186 0.85 0.44
2187 0.95 0.5325
2188 0.95 0.4925
2189 0.925 0.5025
2190 0.975 0.475
2191 0.925 0.4275
2192 0.9 0.4875
2193 0.95 0.4275
2194 0.9 0.4675
2195 0.9 0.4375
2196 0.975 0.5225
2197 0.8 0.5
2198 0.925 0.4475
2199 0.95 0.4625
2200 1.0 0.49
2201 0.925 0.49
2202 0.85 0.4625
2203 0.9 0.44
2204 0.925 0.445
2205 0.975 0.49
2206 0.975 0.4225
2207 0.925 0.4925
2208 0.925 0.4725
2209 0.875 0.51
2210 0.975 0.46
2211 0.925 0.515
2212 0.925 0.4825
2213 0.95 0.4375
2214 0.975 0.5075
2215 0.95 0.4325
2216 0.925 0.4525
2217 0.9 0.5
2218 0.85 0.49
2219 0.825 0.4325
2220 0.925 0.4675
2221 1.0 0.425
2222 0.85 0.48
2223 0.925 0.4325
2224 1.0 0.46
2225 0.875 0.5175
2226 0.95 0.5
2227 0.925 0.435
2228 0.875 0.42
2229 0.975 0.5325
2230 0.825 0.485
2231 0.95 0.415
2232 0.875 0.46
2233 0.85 0.47
2234 0.925 0.4825
2235 0.925 0.51
2236 0.925 0.3975
2237 0.9 0.46
2238 0.925 0.445
2239 0.95 0.4525
2240 0.925 0.445
2241 0.9 0.435
2242 0.9 0.4325
2243 0.925 0.4825
2244 0.95 0.5
2245 0.875 0.4825
2246 0.825 0.4475
2247 0.925 0.4625
2248 0.9 0.4475
2249 0.925 0.4475
2250 0.975 0.4425
2251 0.975 0.46
2252 0.925 0.445
2253 0.975 0.43
2254 0.925 0.4775
2255 0.925 0.4625
2256 0.975 0.47
2257 0.975 0.47
2258 0.95 0.47
2259 0.975 0.435
2260 0.9 0.4575
2261 0.975 0.485
2262 0.95 0.4275
2263 0.925 0.4625
2264 0.95 0.395
2265 0.925 0.465
2266 1.0 0.465
2267 0.875 0.47
2268 0.875 0.4775
2269 0.975 0.4675
2270 0.95 0.5175
2271 0.875 0.465
2272 0.95 0.4575
2273 0.825 0.4475
2274 0.85 0.485
2275 0.95 0.4825
2276 0.9 0.48
2277 0.925 0.515
2278 0.875 0.45
2279 0.975 0.4925
2280 0.9 0.4775
2281 0.95 0.48
2282 0.9 0.4475
2283 0.925 0.4725
2284 0.975 0.4875
2285 0.95 0.49
2286 0.9 0.4625
2287 0.875 0.495
2288 0.925 0.49
2289 0.875 0.4775
2290 0.875 0.47
2291 0.925 0.5025
2292 0.925 0.4925
2293 0.95 0.5325
2294 0.925 0.4625
2295 0.95 0.4425
2296 0.9 0.52
2297 0.9 0.4625
2298 0.925 0.495
2299 0.925 0.4725
2300 0.9 0.4925
2301 0.95 0.4675
2302 0.975 0.465
2303 0.875 0.455
2304 0.925 0.485
2305 0.925 0.48
2306 0.9 0.4875
2307 0.875 0.52
2308 0.975 0.4775
2309 0.975 0.4425
2310 0.95 0.5125
2311 0.925 0.4575
2312 0.925 0.4775
2313 0.9 0.4775
2314 0.9 0.5125
2315 0.95 0.51
2316 0.9 0.5
2317 1.0 0.495
2318 1.0 0.505
2319 0.95 0.51
2320 0.925 0.4725
2321 0.95 0.5025
2322 0.925 0.4225
2323 0.95 0.4825
2324 0.925 0.4625
2325 0.9 0.4575
2326 0.925 0.465
2327 0.85 0.49
2328 0.975 0.5275
2329 0.9 0.515
2330 0.95 0.4725
2331 0.975 0.4725
2332 0.825 0.51
2333 0.925 0.51
2334 0.95 0.465
2335 0.9 0.445
2336 0.9 0.4825
2337 0.9 0.475
2338 1.0 0.525
2339 0.975 0.4475
2340 0.975 0.475
2341 0.875 0.4925
2342 0.925 0.5025
2343 0.95 0.4625
2344 0.925 0.4875
2345 0.95 0.5
2346 0.925 0.525
2347 0.925 0.475
2348 0.975 0.4975
2349 0.975 0.49
2350 0.9 0.47
2351 0.95 0.445
2352 0.95 0.515
2353 0.95 0.48
2354 0.975 0.4825
2355 0.925 0.4525
2356 0.95 0.495
2357 0.975 0.46
2358 1.0 0.4925
2359 0.875 0.5175
2360 0.9 0.47
2361 0.975 0.4475
2362 0.95 0.4675
2363 0.9 0.5025
2364 0.925 0.4875
2365 0.95 0.5025
2366 0.975 0.5025
2367 0.925 0.49
2368 0.925 0.4575
2369 0.95 0.4675
2370 0.975 0.445
2371 0.875 0.4925
2372 0.95 0.5275
2373 0.975 0.475
2374 0.85 0.505
2375 1.0 0.5275
2376 0.975 0.5125
2377 1.0 0.48
2378 0.95 0.49
2379 0.975 0.4525
2380 0.975 0.4675
2381 0.975 0.4975
2382 0.95 0.4975
2383 0.95 0.495
2384 0.975 0.445
2385 0.975 0.495
2386 0.975 0.4675
2387 0.9 0.455
2388 0.95 0.45
2389 0.9 0.4925
2390 0.925 0.485
2391 0.975 0.455
2392 0.925 0.475
2393 0.925 0.4725
2394 0.925 0.4725
2395 0.95 0.4525
2396 0.975 0.4625
2397 0.975 0.4825
2398 0.95 0.46
2399 0.9 0.435
2400 0.975 0.4375
2401 0.925 0.4675
2402 0.975 0.4825
2403 0.9 0.495
2404 0.9 0.47
2405 0.875 0.4525
2406 0.975 0.4875
2407 0.975 0.4075
2408 0.825 0.475
2409 1.0 0.4725
2410 0.95 0.48
2411 0.975 0.4675
2412 0.95 0.4625
2413 0.9 0.5375
2414 1.0 0.4925
2415 0.95 0.5225
2416 0.975 0.475
2417 0.95 0.47
2418 1.0 0.4775
2419 0.975 0.4275
2420 0.95 0.5125
2421 0.975 0.53
2422 0.9 0.515
2423 0.975 0.505
2424 0.95 0.51
2425 0.975 0.4825
2426 1.0 0.4825
2427 0.9 0.4975
2428 0.975 0.53
2429 0.975 0.5225
2430 0.975 0.465
2431 0.9 0.4825
2432 1.0 0.4875
2433 0.925 0.475
2434 0.875 0.4475
2435 0.95 0.52
2436 0.925 0.4775
2437 0.95 0.475
2438 0.95 0.46
2439 0.975 0.5225
2440 0.975 0.495
2441 1.0 0.55
2442 0.95 0.48
2443 0.95 0.5225
2444 1.0 0.465
2445 0.925 0.45
2446 0.875 0.535
2447 0.95 0.53
2448 0.925 0.4525
2449 0.975 0.4775
2450 0.975 0.4925
2451 0.975 0.4675
2452 0.95 0.5625
2453 0.95 0.4475
2454 0.95 0.4625
2455 0.95 0.4925
2456 1.0 0.51
2457 0.925 0.4925
2458 0.9 0.5175
2459 0.925 0.45
2460 0.975 0.4525
2461 0.85 0.4875
2462 0.875 0.4875
2463 0.95 0.495
2464 0.975 0.515
2465 0.975 0.5175
2466 0.9 0.4825
2467 0.875 0.485
2468 0.875 0.4725
2469 0.925 0.47
2470 0.95 0.5025
2471 0.95 0.4825
2472 0.95 0.5025
2473 0.95 0.47
2474 0.975 0.4675
2475 1.0 0.52
2476 0.975 0.445
2477 0.975 0.495
2478 0.95 0.4975
2479 0.95 0.545
2480 0.975 0.515
2481 0.975 0.495
2482 0.925 0.5325
2483 0.95 0.4925
2484 0.975 0.4775
2485 0.975 0.43
2486 0.95 0.455
2487 0.9 0.495
2488 0.975 0.4375
2489 0.95 0.5025
2490 0.95 0.4975
2491 0.875 0.4825
2492 0.95 0.4775
2493 0.875 0.49
2494 0.975 0.4675
2495 0.95 0.5225
2496 0.975 0.4675
2497 0.95 0.45
2498 0.9 0.4525
2499 0.95 0.43
2500 0.975 0.49
2501 0.925 0.4575
2502 0.925 0.43
2503 0.9 0.4875
2504 0.9 0.4775
2505 0.975 0.4125
2506 0.975 0.46
2507 0.975 0.46
2508 1.0 0.4775
2509 0.925 0.5
2510 0.95 0.495
2511 0.9 0.4175
2512 1.0 0.455
2513 0.85 0.48
2514 0.975 0.505
2515 0.975 0.4425
2516 0.975 0.4925
2517 0.95 0.5175
2518 0.95 0.525
2519 0.925 0.535
2520 0.95 0.515
2521 0.9 0.4825
2522 1.0 0.48
2523 0.925 0.475
2524 0.975 0.4775
2525 0.95 0.4925
2526 1.0 0.48
2527 0.95 0.4625
2528 0.975 0.4425
2529 0.95 0.47
2530 0.9 0.47
2531 0.925 0.4925
2532 0.95 0.4575
2533 0.95 0.485
2534 1.0 0.48
2535 0.925 0.49
2536 0.975 0.4775
2537 0.9 0.475
2538 0.975 0.5275
2539 0.9 0.475
2540 0.95 0.515
2541 0.925 0.4775
2542 0.9 0.4975
2543 0.95 0.5225
2544 0.95 0.5025
2545 0.95 0.505
2546 1.0 0.475
2547 0.975 0.53
2548 0.95 0.5375
2549 1.0 0.4975
2550 0.95 0.5
2551 0.925 0.4875
2552 0.9 0.49
2553 0.975 0.5525
2554 0.95 0.4725
2555 1.0 0.5125
2556 1.0 0.4975
2557 0.925 0.515
2558 0.975 0.45
2559 0.95 0.4675
2560 0.95 0.47
2561 0.95 0.4975
2562 1.0 0.4675
2563 0.925 0.4875
2564 0.95 0.5075
2565 0.975 0.5
2566 0.975 0.4675
2567 1.0 0.4825
2568 1.0 0.5025
2569 0.975 0.455
2570 1.0 0.47
2571 0.925 0.5275
2572 0.975 0.4625
2573 0.975 0.4325
2574 0.95 0.475
2575 0.925 0.4925
2576 1.0 0.5175
2577 0.975 0.465
2578 0.925 0.5175
2579 1.0 0.4775
2580 0.95 0.4775
2581 0.925 0.48
2582 0.95 0.51
2583 1.0 0.4925
2584 0.925 0.5175
2585 0.95 0.47
2586 0.95 0.495
2587 0.975 0.4975
2588 1.0 0.47
2589 1.0 0.4725
2590 0.975 0.4825
2591 1.0 0.465
2592 0.95 0.5275
2593 0.925 0.4675
2594 0.975 0.515
2595 1.0 0.49
2596 0.95 0.4875
2597 0.95 0.4975
2598 0.975 0.4725
2599 0.95 0.4525
2600 0.925 0.4575
2601 0.925 0.48
2602 1.0 0.495
2603 0.95 0.4525
2604 0.925 0.4975
2605 0.975 0.4925
2606 1.0 0.4875
2607 0.975 0.4725
2608 0.9 0.4725
2609 0.975 0.435
2610 1.0 0.475
2611 0.875 0.4875
2612 0.85 0.4725
2613 1.0 0.495
2614 0.975 0.505
2615 1.0 0.4625
2616 0.9 0.4825
2617 0.975 0.4625
2618 0.975 0.4825
2619 0.975 0.4475
2620 0.975 0.515
2621 0.975 0.4825
2622 0.925 0.4825
2623 0.9 0.45
2624 0.925 0.5025
2625 0.975 0.4875
2626 0.95 0.4925
2627 1.0 0.51
2628 1.0 0.4525
2629 0.975 0.4725
2630 0.975 0.52
2631 0.95 0.47
2632 0.9 0.495
2633 0.975 0.4925
2634 0.95 0.515
2635 0.975 0.4775
2636 0.95 0.5225
2637 0.975 0.52
2638 0.975 0.525
2639 0.975 0.495
2640 0.975 0.48
2641 0.9 0.4675
2642 1.0 0.4675
2643 0.95 0.4575
2644 0.975 0.425
2645 0.975 0.485
2646 0.95 0.4825
2647 0.925 0.475
2648 0.95 0.4925
2649 1.0 0.49
2650 0.95 0.445
2651 0.975 0.4725
2652 0.975 0.4475
2653 0.925 0.4575
2654 0.975 0.495
2655 0.95 0.48
2656 1.0 0.445
2657 0.975 0.47
2658 0.925 0.42
2659 0.925 0.465
2660 0.975 0.4825
2661 0.95 0.45
2662 1.0 0.45
2663 0.925 0.4875
2664 0.95 0.5175
2665 0.875 0.545
2666 0.975 0.46
2667 0.925 0.45
2668 0.95 0.495
2669 0.9 0.46
2670 0.975 0.4375
2671 0.95 0.5375
2672 0.9 0.505
2673 0.875 0.4625
2674 0.95 0.515
2675 0.95 0.5025
2676 0.975 0.475
2677 1.0 0.4475
2678 0.975 0.475
2679 0.95 0.465
2680 1.0 0.4675
2681 0.9 0.5075
2682 0.975 0.4475
2683 1.0 0.4675
2684 1.0 0.52
2685 0.95 0.455
2686 0.9 0.5325
2687 0.95 0.5075
2688 1.0 0.4925
2689 0.95 0.47
2690 0.975 0.5125
2691 0.9 0.5075
2692 1.0 0.515
2693 0.975 0.49
2694 0.95 0.51
2695 0.975 0.47
2696 0.975 0.49
2697 1.0 0.515
2698 0.925 0.4725
2699 0.95 0.51
2700 0.975 0.495
2701 0.975 0.48
2702 0.975 0.4675
2703 0.975 0.4625
2704 1.0 0.5575
2705 0.9 0.4525
2706 0.975 0.5025
2707 0.95 0.505
2708 0.95 0.4825
2709 1.0 0.46
2710 0.975 0.5025
2711 0.9 0.525
2712 0.95 0.4925
2713 1.0 0.5
2714 0.95 0.5025
2715 1.0 0.545
2716 0.95 0.5125
2717 0.975 0.55
2718 0.925 0.5075
2719 0.975 0.515
2720 0.975 0.5075
2721 0.975 0.5075
2722 0.95 0.4775
2723 0.975 0.5225
2724 0.95 0.55
2725 0.975 0.5375
2726 0.975 0.49
2727 0.975 0.505
2728 0.975 0.545
2729 0.95 0.5175
2730 0.975 0.495
2731 1.0 0.5575
2732 0.925 0.4725
2733 0.975 0.4875
2734 0.95 0.5225
2735 1.0 0.5075
2736 0.975 0.4625
2737 0.925 0.485
2738 0.975 0.51
2739 0.95 0.4775
2740 1.0 0.5
2741 1.0 0.495
2742 0.85 0.5175
2743 0.975 0.5
2744 0.975 0.46
2745 0.95 0.4925
2746 0.95 0.505
2747 0.925 0.4775
2748 0.95 0.52
2749 1.0 0.5
2750 0.95 0.445
2751 0.975 0.5025
2752 1.0 0.48
2753 0.975 0.5125
2754 1.0 0.475
2755 0.95 0.525
2756 0.975 0.4375
2757 0.975 0.4925
2758 0.95 0.545
2759 1.0 0.5225
2760 1.0 0.5125
2761 0.975 0.5325
2762 1.0 0.4875
2763 0.95 0.4625
2764 1.0 0.495
2765 0.95 0.49
2766 0.925 0.49
2767 0.95 0.515
2768 0.95 0.465
2769 1.0 0.4875
2770 0.975 0.51
2771 1.0 0.5175
2772 0.975 0.525
2773 1.0 0.515
2774 0.975 0.5425
2775 0.95 0.48
2776 0.975 0.515
2777 0.975 0.435
2778 0.975 0.5525
2779 0.925 0.44
2780 1.0 0.475
2781 0.925 0.5275
2782 0.975 0.5025
2783 0.975 0.515
2784 0.975 0.5175
2785 1.0 0.5
2786 0.95 0.475
2787 0.975 0.4675
2788 0.975 0.5075
2789 1.0 0.4725
2790 0.95 0.495
2791 0.95 0.4725
2792 0.95 0.505
2793 0.975 0.47
2794 1.0 0.4875
2795 0.975 0.4975
2796 1.0 0.4775
2797 1.0 0.5175
2798 1.0 0.5425
2799 1.0 0.465
2800 0.975 0.55
2801 1.0 0.4825
2802 0.975 0.4875
2803 1.0 0.555
2804 1.0 0.555
2805 0.925 0.5375
2806 0.95 0.4875
2807 1.0 0.51
2808 0.975 0.515
2809 0.95 0.5025
2810 0.95 0.5075
2811 1.0 0.5075
2812 1.0 0.49
2813 0.975 0.45
2814 0.95 0.4925
2815 0.975 0.5325
2816 0.925 0.49
2817 0.975 0.47
2818 1.0 0.4725
2819 0.95 0.465
2820 0.975 0.505
2821 1.0 0.515
2822 0.95 0.52
2823 0.975 0.51
2824 1.0 0.47
2825 0.975 0.505
2826 1.0 0.455
2827 0.975 0.455
2828 1.0 0.475
2829 0.975 0.485
2830 0.925 0.52
2831 0.95 0.4775
2832 0.975 0.4925
2833 1.0 0.4825
2834 0.975 0.495
2835 1.0 0.5375
2836 1.0 0.4625
2837 0.95 0.52
2838 1.0 0.4825
2839 0.975 0.4975
2840 0.975 0.465
2841 0.95 0.4975
2842 1.0 0.4925
2843 0.925 0.52
2844 0.95 0.4675
2845 0.925 0.5025
2846 0.975 0.5225
2847 0.95 0.5425
2848 1.0 0.44
2849 0.975 0.5325
2850 1.0 0.4475
2851 0.95 0.4725
2852 0.975 0.5
2853 0.975 0.4775
2854 0.975 0.505
2855 0.925 0.4925
2856 0.975 0.525
2857 1.0 0.505
2858 1.0 0.5
2859 0.95 0.4575
2860 0.975 0.4475
2861 1.0 0.4975
2862 0.975 0.485
2863 0.975 0.495
2864 0.95 0.5175
2865 1.0 0.475
2866 0.975 0.53
2867 1.0 0.4975
2868 0.975 0.515
2869 0.975 0.5225
2870 1.0 0.4525
2871 1.0 0.535
2872 1.0 0.535
2873 1.0 0.5175
2874 0.9 0.455
2875 0.975 0.48
2876 1.0 0.5125
2877 0.975 0.5
2878 0.975 0.535
2879 0.975 0.49
2880 0.925 0.53
2881 0.975 0.4775
2882 0.875 0.4975
2883 1.0 0.525
2884 0.95 0.5075
2885 1.0 0.5425
2886 1.0 0.52
2887 0.975 0.4875
2888 1.0 0.535
2889 0.975 0.5275
2890 0.975 0.54
2891 0.95 0.43
2892 0.975 0.5325
2893 1.0 0.4925
2894 1.0 0.5325
2895 1.0 0.475
2896 1.0 0.505
2897 1.0 0.51
2898 0.975 0.51
2899 1.0 0.5
2900 1.0 0.555
2901 1.0 0.495
2902 0.925 0.53
2903 1.0 0.48
2904 1.0 0.49
2905 1.0 0.48
2906 0.975 0.525
2907 0.95 0.5
2908 1.0 0.535
2909 0.975 0.54
2910 0.975 0.54
2911 0.975 0.505
2912 1.0 0.48
2913 0.975 0.5325
2914 1.0 0.4975
2915 1.0 0.535
2916 1.0 0.5275
2917 0.975 0.485
2918 1.0 0.495
2919 0.95 0.4975
2920 1.0 0.505
2921 0.9 0.5175
2922 0.95 0.515
2923 1.0 0.5075
2924 1.0 0.4975
2925 0.95 0.4825
2926 0.975 0.4825
2927 1.0 0.4925
2928 1.0 0.5275
2929 1.0 0.475
2930 0.975 0.4525
2931 0.95 0.51
2932 0.975 0.5025
2933 0.9 0.47
2934 1.0 0.515
2935 1.0 0.515
2936 0.975 0.465
2937 0.975 0.555
2938 0.975 0.52
2939 0.975 0.5325
2940 0.925 0.54
2941 0.95 0.5275
2942 0.975 0.465
2943 0.95 0.5125
2944 1.0 0.5275
2945 1.0 0.515
2946 1.0 0.47
2947 1.0 0.47
2948 1.0 0.4875
2949 0.975 0.5275
2950 0.975 0.5525
2951 0.975 0.515
2952 0.975 0.5
2953 0.975 0.5025
2954 1.0 0.4575
2955 0.975 0.4675
2956 0.975 0.4875
2957 0.975 0.47
2958 0.975 0.47
2959 0.975 0.4975
2960 1.0 0.4875
2961 0.95 0.4825
2962 1.0 0.545
2963 1.0 0.52
2964 0.975 0.5125
2965 0.975 0.5025
2966 1.0 0.4875
2967 1.0 0.52
2968 1.0 0.5125
2969 0.95 0.505
2970 0.975 0.4725
2971 1.0 0.4925
2972 0.975 0.5125
2973 1.0 0.5275
2974 1.0 0.4725
2975 1.0 0.5375
2976 0.95 0.4825
2977 1.0 0.4725
2978 1.0 0.4925
2979 1.0 0.4675
2980 1.0 0.5575
2981 0.925 0.5325
2982 1.0 0.52
2983 0.95 0.4975
2984 0.975 0.54
2985 1.0 0.55
2986 0.975 0.4925
2987 1.0 0.5025
2988 0.95 0.4775
2989 1.0 0.51
2990 0.95 0.5
2991 0.975 0.495
2992 1.0 0.475
2993 0.975 0.4875
2994 0.95 0.5175
2995 0.975 0.52
2996 1.0 0.4725
2997 0.975 0.5275
2998 1.0 0.5525
2999 0.975 0.515
