0 0.05 0.03
1 0.025 0.0225
2 0.05 0.015
3 0.05 0.0325
4 0.025 0.03
5 0.0 0.0225
6 0.075 0.0325
7 0.025 0.0325
8 0.0 0.04
9 0.025 0.04
10 0.025 0.02
11 0.025 0.025
12 0.025 0.04
13 0.025 0.03
14 0.025 0.045
15 0.025 0.04
16 0.0 0.0275
17 0.075 0.0275
18 0.05 0.0425
19 0.025 0.0375
20 0.025 0.03
21 0.075 0.0475
22 0.025 0.0325
23 0.075 0.0375
24 0.025 0.025
25 0.0 0.03
26 0.0 0.0375
27 0.1 0.035
28 0.075 0.0625
29 0.025 0.065
30 0.1 0.0625
31 0.05 0.0525
32 0.15 0.07
33 0.025 0.065
34 0.125 0.055
35 0.1 0.06
36 0.025 0.075
37 0.075 0.0975
38 0.05 0.0775
39 0.125 0.09
40 0.05 0.0825
41 0.075 0.0625
42 0.1 0.075
43 0.125 0.085
44 0.05 0.095
45 0.025 0.0975
46 0.075 0.11
47 0.125 0.05
48 0.05 0.09
49 0.1 0.0675
50 0.125 0.0725
51 0.025 0.08
52 0.075 0.075
53 0.025 0.09
54 0.125 0.0775
55 0.05 0.0775
56 0.125 0.0825
57 0.1 0.0675
58 0.075 0.0675
59 0.15 0.0825
60 0.075 0.075
61 0.15 0.0975
62 0.075 0.09
63 0.05 0.0975
64 0.05 0.0825
65 0.1 0.075
66 0.0 0.0775
67 0.05 0.0925
68 0.075 0.0675
69 0.05 0.075
70 0.075 0.0675
71 0.075 0.09
72 0.05 0.0925
73 0.125 0.1325
74 0.05 0.075
75 0.075 0.1075
76 0.15 0.08
77 0.125 0.0725
78 0.125 0.0975
79 0.1 0.085
80 0.1 0.0825
81 0.175 0.1025
82 0.125 0.1075
83 0.05 0.095
84 0.1 0.115
85 0.225 0.1125
86 0.125 0.1125
87 0.125 0.125
88 0.125 0.1175
89 0.15 0.12
90 0.1 0.1075
91 0.175 0.0975
92 0.175 0.1175
93 0.125 0.1125
94 0.05 0.115
95 0.175 0.0925
96 0.1 0.1
97 0.1 0.08
98 0.1 0.105
99 0.125 0.0925
100 0.1 0.1275
101 0.1 0.1225
102 0.125 0.12
103 0.125 0.125
104 0.15 0.115
105 0.15 0.1
106 0.125 0.155
107 0.1 0.12
108 0.175 0.12
109 0.1 0.1
110 0.125 0.1525
111 0.075 0.1225
112 0.175 0.1625
113 0.125 0.1175
114 0.175 0.1325
115 0.15 0.1125
116 0.15 0.1525
117 0.2 0.15
118 0.125 0.14
119 0.15 0.145
120 0.175 0.1675
121 0.225 0.17
122 0.1 0.1425
123 0.1 0.1375
124 0.15 0.15
125 0.15 0.14
126 0.1 0.17
127 0.075 0.15
128 0.125 0.15
129 0.1 0.145
130 0.175 0.145
131 0.125 0.1325
132 0.075 0.145
133 0.125 0.145
134 0.175 0.16
135 0.1 0.18
136 0.225 0.135
137 0.175 0.095
138 0.275 0.1575
139 0.225 0.1625
140 0.15 0.145
141 0.2 0.16
142 0.3 0.185
143 0.15 0.1625
144 0.15 0.145
145 0.125 0.155
146 0.15 0.1525
147 0.175 0.1475
148 0.15 0.1575
149 0.225 0.1425
150 0.175 0.165
151 0.15 0.175
152 0.225 0.1975
153 0.2 0.17
154 0.275 0.155
155 0.15 0.155
156 0.15 0.195
157 0.15 0.145
158 0.175 0.16
159 0.175 0.165
160 0.175 0.14
161 0.225 0.1725
162 0.125 0.15
163 0.1 0.145
164 0.25 0.215
165 0.175 0.175
166 0.15 0.2075
167 0.125 0.18
168 0.125 0.21
169 0.075 0.2325
170 0.125 0.1575
171 0.15 0.175
172 0.25 0.205
173 0.25 0.1825
174 0.075 0.1525
175 0.175 0.1875
176 0.2 0.17
177 0.225 0.21
178 0.3 0.1925
179 0.15 0.2375
180 0.05 0.18
181 0.225 0.1975
182 0.1 0.215
183 0.25 0.18
184 0.325 0.1525
185 0.25 0.1525
186 0.2 0.205
187 0.175 0.185
188 0.275 0.15
189 0.1 0.165
190 0.1 0.18
191 0.15 0.165
192 0.3 0.1775
193 0.225 0.1675
194 0.25 0.2
195 0.125 0.1775
196 0.2 0.1975
197 0.15 0.1775
198 0.175 0.15
199 0.175 0.22
200 0.3 0.1675
201 0.15 0.2
202 0.225 0.1825
203 0.25 0.19
204 0.225 0.1975
205 0.2 0.1925
206 0.2 0.195
207 0.25 0.1875
208 0.3 0.1675
209 0.2 0.1775
210 0.225 0.1825
211 0.2 0.2275
212 0.175 0.2175
213 0.225 0.18
214 0.275 0.175
215 0.075 0.19
216 0.325 0.2
217 0.275 0.19
218 0.225 0.235
219 0.275 0.21
220 0.225 0.2025
221 0.25 0.2425
222 0.175 0.1875
223 0.2 0.2075
224 0.25 0.185
225 0.2 0.205
226 0.35 0.1975
227 0.375 0.2425
228 0.225 0.205
229 0.275 0.235
230 0.375 0.2325
231 0.25 0.2125
232 0.125 0.1825
233 0.325 0.2225
234 0.25 0.255
235 0.125 0.26
236 0.275 0.2125
237 0.25 0.2225
238 0.2 0.21
239 0.225 0.215
240 0.275 0.2275
241 0.425 0.2175
242 0.25 0.18
243 0.35 0.2
244 0.2 0.1775
245 0.15 0.2275
246 0.25 0.1975
247 0.275 0.195
248 0.35 0.205
249 0.225 0.1975
250 0.375 0.195
251 0.25 0.2125
252 0.15 0.2175
253 0.3 0.225
254 0.25 0.245
255 0.2 0.2275
256 0.4 0.1975
257 0.375 0.1925
258 0.25 0.22
259 0.275 0.255
260 0.275 0.21
261 0.3 0.24
262 0.325 0.2375
263 0.25 0.2375
264 0.225 0.215
265 0.175 0.2475
266 0.175 0.185
267 0.175 0.205
268 0.2 0.225
269 0.325 0.1725
270 0.15 0.21
271 0.275 0.215
272 0.2 0.2125
273 0.325 0.225
274 0.2 0.225
275 0.2 0.245
276 0.425 0.2175
277 0.425 0.22
278 0.25 0.2375
279 0.3 0.205
280 0.275 0.22
281 0.425 0.195
282 0.275 0.2375
283 0.275 0.235
284 0.15 0.2225
285 0.15 0.2
286 0.275 0.2325
287 0.25 0.2075
288 0.275 0.25
289 0.3 0.2175
290 0.25 0.2175
291 0.275 0.235
292 0.175 0.265
293 0.425 0.25
294 0.225 0.2575
295 0.45 0.2175
296 0.275 0.2275
297 0.275 0.2625
298 0.275 0.22
299 0.225 0.2075
300 0.175 0.245
301 0.275 0.2525
302 0.275 0.2375
303 0.325 0.2475
304 0.225 0.2275
305 0.275 0.2125
306 0.125 0.24
307 0.25 0.235
308 0.325 0.265
309 0.375 0.2725
310 0.35 0.295
311 0.275 0.2275
312 0.325 0.2225
313 0.325 0.2475
314 0.275 0.2375
315 0.275 0.275
316 0.275 0.235
317 0.25 0.2525
318 0.3 0.26
319 0.4 0.255
320 0.25 0.255
321 0.225 0.265
322 0.35 0.255
323 0.35 0.26
324 0.25 0.2675
325 0.45 0.2975
326 0.35 0.2375
327 0.3 0.235
328 0.2 0.235
329 0.3 0.275
330 0.325 0.225
331 0.375 0.2725
332 0.425 0.2575
333 0.45 0.2725
334 0.225 0.3125
335 0.35 0.32
336 0.325 0.275
337 0.325 0.31
338 0.325 0.32
339 0.35 0.255
340 0.275 0.3375
341 0.5 0.2975
342 0.275 0.2575
343 0.375 0.2575
344 0.275 0.2875
345 0.225 0.2525
346 0.35 0.2725
347 0.35 0.2875
348 0.35 0.235
349 0.275 0.2475
350 0.25 0.2425
351 0.275 0.2725
352 0.25 0.2925
353 0.275 0.2825
354 0.25 0.255
355 0.45 0.2875
356 0.275 0.315
357 0.425 0.2575
358 0.375 0.3225
359 0.275 0.3
360 0.325 0.265
361 0.3 0.3075
362 0.275 0.2525
363 0.4 0.2725
364 0.325 0.2425
365 0.4 0.245
366 0.225 0.3
367 0.3 0.265
368 0.325 0.2375
369 0.2 0.2225
370 0.3 0.29
371 0.35 0.295
372 0.3 0.2475
373 0.3 0.2625
374 0.45 0.265
375 0.45 0.285
376 0.325 0.2675
377 0.25 0.2675
378 0.2 0.285
379 0.375 0.2575
380 0.4 0.2425
381 0.35 0.2725
382 0.25 0.2725
383 0.15 0.2325
384 0.3 0.295
385 0.4 0.2875
386 0.275 0.2975
387 0.225 0.25
388 0.325 0.2475
389 0.4 0.3375
390 0.35 0.27
391 0.3 0.28
392 0.475 0.28
393 0.375 0.295
394 0.35 0.2475
395 0.45 0.2775
396 0.275 0.2925
397 0.325 0.28
398 0.375 0.3075
399 0.3 0.3
400 0.425 0.245
401 0.2 0.31
402 0.35 0.2875
403 0.35 0.305
404 0.425 0.2675
405 0.325 0.295
406 0.4 0.2225
407 0.325 0.26
408 0.225 0.28
409 0.45 0.2975
410 0.175 0.255
411 0.325 0.3025
412 0.35 0.2825
413 0.3 0.235
414 0.225 0.3375
415 0.3 0.2925
416 0.55 0.2675
417 0.275 0.2975
418 0.45 0.3375
419 0.425 0.3075
420 0.4 0.325
421 0.5 0.32
422 0.275 0.2625
423 0.25 0.3075
424 0.425 0.31
425 0.475 0.29
426 0.475 0.3075
427 0.425 0.325
428 0.425 0.315
429 0.425 0.2875
430 0.425 0.3375
431 0.45 0.32
432 0.4 0.3225
433 0.3 0.34
434 0.425 0.3125
435 0.4 0.2875
436 0.5 0.2925
437 0.425 0.3
438 0.375 0.3025
439 0.375 0.31
440 0.275 0.3
441 0.275 0.3
442 0.225 0.2925
443 0.375 0.2825
444 0.25 0.285
445 0.3 0.295
446 0.225 0.2925
447 0.325 0.2525
448 0.325 0.24
449 0.375 0.2575
450 0.425 0.3175
451 0.35 0.2875
452 0.3 0.26
453 0.25 0.305
454 0.45 0.2975
455 0.5 0.3375
456 0.375 0.3175
457 0.35 0.3175
458 0.4 0.3
459 0.4 0.32
460 0.25 0.3075
461 0.3 0.285
462 0.35 0.285
463 0.25 0.2725
464 0.25 0.2825
465 0.4 0.3175
466 0.25 0.3025
467 0.325 0.2875
468 0.425 0.345
469 0.475 0.305
470 0.4 0.2925
471 0.375 0.29
472 0.275 0.265
473 0.25 0.27
474 0.375 0.275
475 0.4 0.275
476 0.375 0.32
477 0.35 0.275
478 0.35 0.3025
479 0.4 0.305
480 0.3 0.31
481 0.425 0.32
482 0.325 0.335
483 0.325 0.2825
484 0.375 0.3125
485 0.375 0.2925
486 0.375 0.37
487 0.475 0.32
488 0.325 0.3525
489 0.475 0.3275
490 0.45 0.3325
491 0.35 0.3725
492 0.275 0.37
493 0.4 0.2575
494 0.275 0.3175
495 0.4 0.2675
496 0.4 0.3
497 0.375 0.31
498 0.35 0.335
499 0.5 0.35
500 0.4 0.305
501 0.3 0.315
502 0.4 0.2875
503 0.2 0.305
504 0.5 0.3125
505 0.35 0.3225
506 0.375 0.345
507 0.375 0.3275
508 0.4 0.3225
509 0.25 0.3
510 0.4 0.345
511 0.4 0.29
512 0.45 0.3025
513 0.475 0.3175
514 0.325 0.31
515 0.375 0.3125
516 0.4 0.31
517 0.35 0.29
518 0.35 0.335
519 0.425 0.315
520 0.425 0.2875
521 0.4 0.2775
522 0.35 0.3025
523 0.4 0.3175
524 0.475 0.3
525 0.475 0.29
526 0.35 0.315
527 0.4 0.295
528 0.425 0.285
529 0.375 0.29
530 0.375 0.3175
531 0.375 0.2675
532 0.3 0.34
533 0.325 0.3
534 0.475 0.39
535 0.45 0.34
536 0.45 0.32
537 0.35 0.3275
538 0.45 0.3325
539 0.5 0.3625
540 0.4 0.275
541 0.4 0.295
542 0.3 0.3125
543 0.2 0.335
544 0.35 0.3025
545 0.35 0.2575
546 0.45 0.2775
547 0.425 0.3325
548 0.375 0.305
549 0.475 0.34
550 0.425 0.305
551 0.4 0.33
552 0.425 0.36
553 0.475 0.315
554 0.3 0.3175
555 0.4 0.29
556 0.425 0.2925
557 0.475 0.305
558 0.35 0.31
559 0.3 0.34
560 0.4 0.335
561 0.375 0.3425
562 0.45 0.335
563 0.35 0.3225
564 0.275 0.3375
565 0.275 0.34
566 0.35 0.305
567 0.35 0.3525
568 0.575 0.375
569 0.325 0.3125
570 0.4 0.3
571 0.55 0.325
572 0.35 0.395
573 0.375 0.2775
574 0.35 0.3575
575 0.275 0.3225
576 0.6 0.34
577 0.425 0.3175
578 0.375 0.28
579 0.45 0.285
580 0.375 0.27
581 0.3 0.335
582 0.425 0.355
583 0.475 0.3725
584 0.35 0.2875
585 0.475 0.31
586 0.45 0.32
587 0.375 0.35
588 0.425 0.315
589 0.4 0.3175
590 0.325 0.3225
591 0.375 0.295
592 0.375 0.2825
593 0.35 0.2775
594 0.275 0.3475
595 0.275 0.325
596 0.425 0.2775
597 0.375 0.39
598 0.4 0.275
599 0.35 0.3275
600 0.375 0.285
601 0.375 0.2775
602 0.4 0.36
603 0.4 0.2975
604 0.475 0.33
605 0.55 0.3375
606 0.475 0.34
607 0.35 0.3475
608 0.325 0.335
609 0.475 0.37
610 0.45 0.315
611 0.375 0.33
612 0.425 0.3875
613 0.55 0.3325
614 0.45 0.315
615 0.325 0.35
616 0.25 0.345
617 0.425 0.3
618 0.3 0.3525
619 0.375 0.365
620 0.375 0.315
621 0.475 0.31
622 0.45 0.315
623 0.4 0.3325
624 0.25 0.32
625 0.375 0.3625
626 0.425 0.3
627 0.375 0.3125
628 0.45 0.315
629 0.35 0.3025
630 0.45 0.3275
631 0.375 0.3525
632 0.425 0.3125
633 0.275 0.3075
634 0.325 0.31
635 0.35 0.335
636 0.475 0.3825
637 0.5 0.36
638 0.425 0.31
639 0.425 0.35
640 0.325 0.285
641 0.55 0.3
642 0.35 0.3025
643 0.375 0.3225
644 0.5 0.3475
645 0.3 0.3075
646 0.325 0.39
647 0.375 0.34
648 0.325 0.34
649 0.4 0.33
650 0.35 0.33
651 0.4 0.355
652 0.45 0.285
653 0.475 0.33
654 0.4 0.355
655 0.425 0.3225
656 0.25 0.36
657 0.4 0.3925
658 0.4 0.32
659 0.5 0.375
660 0.5 0.3475
661 0.45 0.4025
662 0.45 0.365
663 0.45 0.345
664 0.5 0.305
665 0.4 0.3325
666 0.6 0.345
667 0.425 0.3625
668 0.55 0.3525
669 0.375 0.3225
670 0.35 0.355
671 0.3 0.3225
672 0.3 0.325
673 0.575 0.3275
674 0.475 0.34
675 0.55 0.2925
676 0.575 0.3425
677 0.425 0.355
678 0.5 0.3325
679 0.375 0.3475
680 0.525 0.375
681 0.475 0.35
682 0.325 0.3175
683 0.375 0.3625
684 0.5 0.37
685 0.575 0.335
686 0.375 0.3625
687 0.425 0.385
688 0.45 0.36
689 0.525 0.3575
690 0.5 0.36
691 0.525 0.325
692 0.45 0.3525
693 0.45 0.3275
694 0.325 0.3125
695 0.45 0.3025
696 0.55 0.34
697 0.475 0.34
698 0.5 0.3375
699 0.4 0.3525
700 0.575 0.35
701 0.5 0.3325
702 0.4 0.2925
703 0.35 0.3375
704 0.475 0.32
705 0.475 0.3225
706 0.4 0.335
707 0.3 0.3575
708 0.575 0.3175
709 0.35 0.305
710 0.4 0.2775
711 0.5 0.34
712 0.45 0.33
713 0.525 0.3175
714 0.4 0.36
715 0.425 0.3275
716 0.375 0.3325
717 0.425 0.3275
718 0.45 0.3325
719 0.55 0.335
720 0.425 0.3525
721 0.425 0.325
722 0.4 0.3025
723 0.575 0.3325
724 0.35 0.3175
725 0.525 0.31
726 0.425 0.335
727 0.5 0.35
728 0.45 0.33
729 0.425 0.385
730 0.45 0.35
731 0.275 0.36
732 0.5 0.325
733 0.425 0.3425
734 0.45 0.325
735 0.45 0.365
736 0.525 0.39
737 0.4 0.355
738 0.5 0.3525
739 0.35 0.3575
740 0.425 0.3425
741 0.425 0.3575
742 0.45 0.355
743 0.4 0.3575
744 0.5 0.35
745 0.375 0.365
746 0.425 0.315
747 0.425 0.355
748 0.525 0.355
749 0.475 0.3625
750 0.525 0.3575
751 0.55 0.305
752 0.35 0.35
753 0.35 0.32
754 0.3 0.355
755 0.425 0.355
756 0.375 0.2975
757 0.375 0.345
758 0.475 0.3325
759 0.525 0.3375
760 0.45 0.3475
761 0.475 0.36
762 0.525 0.3375
763 0.4 0.355
764 0.5 0.34
765 0.4 0.3
766 0.575 0.3475
767 0.325 0.375
768 0.475 0.3275
769 0.5 0.2875
770 0.55 0.3725
771 0.475 0.255
772 0.575 0.3125
773 0.475 0.3725
774 0.4 0.3425
775 0.55 0.3675
776 0.375 0.42
777 0.45 0.4
778 0.4 0.34
779 0.4 0.3575
780 0.425 0.3525
781 0.45 0.3525
782 0.4 0.3375
783 0.425 0.33
784 0.475 0.3425
785 0.475 0.3575
786 0.5 0.3225
787 0.425 0.3225
788 0.45 0.3425
789 0.425 0.35
790 0.45 0.375
791 0.5 0.4025
792 0.525 0.3725
793 0.425 0.4
794 0.55 0.36
795 0.575 0.375
796 0.65 0.3825
797 0.575 0.345
798 0.275 0.3925
799 0.475 0.3375
800 0.5 0.335
801 0.45 0.3375
802 0.4 0.36
803 0.6 0.3575
804 0.475 0.335
805 0.475 0.3375
806 0.675 0.3475
807 0.4 0.335
808 0.45 0.3525
809 0.4 0.37
810 0.5 0.2825
811 0.525 0.36
812 0.525 0.375
813 0.35 0.3475
814 0.45 0.4075
815 0.525 0.3375
816 0.525 0.3525
817 0.5 0.3775
818 0.475 0.38
819 0.375 0.4075
820 0.425 0.3675
821 0.55 0.31
822 0.6 0.3475
823 0.525 0.3925
824 0.45 0.3775
825 0.475 0.3675
826 0.525 0.3675
827 0.45 0.3375
828 0.625 0.335
829 0.575 0.355
830 0.45 0.3525
831 0.375 0.36
832 0.55 0.345
833 0.4 0.345
834 0.525 0.3775
835 0.45 0.3375
836 0.625 0.41
837 0.6 0.3725
838 0.65 0.355
839 0.475 0.375
840 0.4 0.38
841 0.475 0.3625
842 0.475 0.33
843 0.475 0.3525
844 0.5 0.35
845 0.375 0.3675
846 0.5 0.3425
847 0.5 0.3325
848 0.45 0.345
849 0.45 0.365
850 0.525 0.33
851 0.6 0.35
852 0.55 0.36
853 0.575 0.325
854 0.375 0.31
855 0.575 0.365
856 0.325 0.365
857 0.525 0.36
858 0.45 0.4
859 0.475 0.35
860 0.375 0.35
861 0.5 0.345
862 0.55 0.36
863 0.45 0.3775
864 0.575 0.3575
865 0.6 0.375
866 0.45 0.3875
867 0.475 0.3925
868 0.55 0.4
869 0.5 0.32
870 0.6 0.35
871 0.325 0.3475
872 0.65 0.3475
873 0.6 0.355
874 0.65 0.3425
875 0.425 0.32
876 0.475 0.3525
877 0.525 0.3375
878 0.4 0.3325
879 0.5 0.3775
880 0.525 0.3375
881 0.45 0.335
882 0.375 0.3725
883 0.6 0.365
884 0.575 0.3225
885 0.4 0.33
886 0.675 0.39
887 0.5 0.3925
888 0.45 0.3925
889 0.525 0.36
890 0.425 0.3575
891 0.575 0.4075
892 0.475 0.3875
893 0.45 0.36
894 0.55 0.4
895 0.55 0.395
896 0.375 0.355
897 0.575 0.4225
898 0.5 0.3775
899 0.625 0.33
900 0.675 0.35
901 0.4 0.34
902 0.6 0.31
903 0.425 0.345
904 0.4 0.3525
905 0.4 0.36
906 0.475 0.3775
907 0.55 0.3775
908 0.625 0.3975
909 0.425 0.385
910 0.625 0.4075
911 0.65 0.3775
912 0.65 0.3725
913 0.55 0.3825
914 0.475 0.3675
915 0.675 0.36
916 0.55 0.41
917 0.575 0.3575
918 0.55 0.3575
919 0.525 0.345
920 0.575 0.3775
921 0.475 0.3025
922 0.45 0.345
923 0.375 0.3525
924 0.45 0.3675
925 0.55 0.3675
926 0.55 0.3225
927 0.625 0.3725
928 0.525 0.3325
929 0.45 0.3275
930 0.525 0.325
931 0.575 0.395
932 0.65 0.2925
933 0.5 0.3075
934 0.65 0.36
935 0.625 0.31
936 0.575 0.3675
937 0.4 0.345
938 0.625 0.3375
939 0.55 0.3825
940 0.4 0.375
941 0.475 0.42
942 0.65 0.385
943 0.525 0.38
944 0.675 0.3675
945 0.55 0.3575
946 0.425 0.385
947 0.45 0.4
948 0.375 0.355
949 0.55 0.385
950 0.525 0.3775
951 0.625 0.395
952 0.45 0.385
953 0.6 0.395
954 0.675 0.375
955 0.5 0.4025
956 0.525 0.3525
957 0.625 0.4
958 0.425 0.3975
959 0.6 0.3975
960 0.6 0.4
961 0.6 0.385
962 0.45 0.395
963 0.475 0.3675
964 0.65 0.4625
965 0.525 0.38
966 0.575 0.3425
967 0.625 0.3875
968 0.6 0.3925
969 0.6 0.38
970 0.525 0.3775
971 0.475 0.37
972 0.65 0.3525
973 0.475 0.37
974 0.425 0.365
975 0.65 0.385
976 0.475 0.3575
977 0.55 0.3975
978 0.475 0.41
979 0.6 0.4025
980 0.65 0.4225
981 0.35 0.3925
982 0.75 0.455
983 0.5 0.4325
984 0.55 0.3875
985 0.525 0.4
986 0.55 0.4275
987 0.475 0.39
988 0.525 0.3875
989 0.6 0.4525
990 0.45 0.3975
991 0.525 0.3725
992 0.5 0.4275
993 0.725 0.335
994 0.6 0.385
995 0.45 0.395
996 0.625 0.385
997 0.525 0.3975
998 0.6 0.4125
999 0.5 0.415
1000 0.625 0.3675
1001 0.6 0.345
1002 0.575 0.4
1003 0.6 0.3875
1004 0.6 0.4425
1005 0.65 0.455
1006 0.675 0.3925
1007 0.65 0.405
1008 0.6 0.395
1009 0.475 0.4125
1010 0.5 0.4
1011 0.525 0.4
1012 0.625 0.3925
1013 0.725 0.37
1014 0.475 0.3375
1015 0.65 0.385
1016 0.425 0.3675
1017 0.575 0.3725
1018 0.575 0.41
1019 0.55 0.4175
1020 0.6 0.405
1021 0.575 0.395
1022 0.475 0.3775
1023 0.45 0.355
1024 0.725 0.415
1025 0.65 0.3675
1026 0.575 0.39
1027 0.5 0.4425
1028 0.7 0.3625
1029 0.675 0.41
1030 0.55 0.405
1031 0.4 0.415
1032 0.45 0.3775
1033 0.55 0.445
1034 0.35 0.4125
1035 0.5 0.3825
1036 0.55 0.405
1037 0.6 0.39
1038 0.575 0.375
1039 0.525 0.44
1040 0.55 0.3475
1041 0.525 0.41
1042 0.55 0.38
1043 0.65 0.4425
1044 0.725 0.41
1045 0.725 0.405
1046 0.775 0.435
1047 0.675 0.4
1048 0.5 0.415
1049 0.675 0.4275
1050 0.6 0.3825
1051 0.6 0.4075
1052 0.525 0.38
1053 0.675 0.4025
1054 0.6 0.3775
1055 0.575 0.365
1056 0.5 0.4025
1057 0.5 0.36
1058 0.7 0.395
1059 0.6 0.41
1060 0.55 0.4775
1061 0.575 0.4725
1062 0.65 0.42
1063 0.65 0.4425
1064 0.525 0.4575
1065 0.525 0.4625
1066 0.525 0.3825
1067 0.4 0.4175
1068 0.65 0.39
1069 0.575 0.41
1070 0.475 0.4025
1071 0.625 0.3625
1072 0.55 0.3525
1073 0.425 0.38
1074 0.575 0.395
1075 0.7 0.4175
1076 0.675 0.4125
1077 0.575 0.38
1078 0.6 0.4025
1079 0.575 0.4225
1080 0.525 0.43
1081 0.7 0.41
1082 0.575 0.405
1083 0.6 0.4325
1084 0.625 0.4
1085 0.5 0.4125
1086 0.525 0.3675
1087 0.825 0.3925
1088 0.55 0.385
1089 0.55 0.44
1090 0.65 0.4125
1091 0.5 0.37
1092 0.6 0.405
1093 0.675 0.355
1094 0.575 0.395
1095 0.475 0.3875
1096 0.6 0.39
1097 0.675 0.4375
1098 0.625 0.43
1099 0.475 0.4075
1100 0.625 0.425
1101 0.65 0.41
1102 0.375 0.385
1103 0.6 0.4
1104 0.55 0.37
1105 0.525 0.3775
1106 0.575 0.4175
1107 0.475 0.375
1108 0.55 0.4225
1109 0.775 0.4025
1110 0.575 0.4225
1111 0.75 0.4075
1112 0.675 0.45
1113 0.675 0.4375
1114 0.675 0.46
1115 0.45 0.385
1116 0.675 0.3875
1117 0.5 0.4125
1118 0.725 0.475
1119 0.6 0.42
1120 0.55 0.38
1121 0.65 0.3925
1122 0.725 0.4
1123 0.675 0.39
1124 0.675 0.3975
1125 0.625 0.4325
1126 0.7 0.415
1127 0.575 0.435
1128 0.55 0.405
1129 0.625 0.44
1130 0.525 0.43
1131 0.7 0.4425
1132 0.625 0.4
1133 0.775 0.4175
1134 0.775 0.45
1135 0.65 0.415
1136 0.65 0.43
1137 0.65 0.4725
1138 0.55 0.4175
1139 0.575 0.41
1140 0.575 0.4425
1141 0.7 0.4275
1142 0.675 0.4275
1143 0.575 0.4475
1144 0.6 0.465
1145 0.725 0.4425
1146 0.725 0.42
1147 0.55 0.4
1148 0.65 0.3975
1149 0.6 0.4225
1150 0.575 0.385
1151 0.7 0.4625
1152 0.75 0.43
1153 0.7 0.3925
1154 0.7 0.42
1155 0.65 0.4525
1156 0.45 0.4575
1157 0.6 0.465
1158 0.575 0.4725
1159 0.6 0.4375
1160 0.6 0.4225
1161 0.7 0.4075
1162 0.725 0.4225
1163 0.65 0.415
1164 0.625 0.4375
1165 0.65 0.4225
1166 0.675 0.4075
1167 0.675 0.405
1168 0.575 0.385
1169 0.675 0.405
1170 0.625 0.45
1171 0.725 0.3725
1172 0.65 0.42
1173 0.6 0.4225
1174 0.65 0.405
1175 0.725 0.4275
1176 0.575 0.395
1177 0.65 0.37
1178 0.575 0.4275
1179 0.65 0.415
1180 0.775 0.435
1181 0.65 0.43
1182 0.775 0.4525
1183 0.775 0.4375
1184 0.65 0.4425
1185 0.575 0.4125
1186 0.55 0.465
1187 0.575 0.4725
1188 0.625 0.4275
1189 0.6 0.4125
1190 0.575 0.4125
1191 0.6 0.415
1192 0.65 0.4
1193 0.575 0.43
1194 0.6 0.4
1195 0.7 0.4275
1196 0.675 0.4
1197 0.6 0.3925
1198 0.625 0.425
1199 0.65 0.4075
1200 0.725 0.43
1201 0.625 0.4825
1202 0.6 0.4675
1203 0.55 0.43
1204 0.675 0.4325
1205 0.625 0.4125
1206 0.55 0.4225
1207 0.8 0.4175
1208 0.7 0.405
1209 0.625 0.4025
1210 0.525 0.415
1211 0.6 0.4375
1212 0.775 0.4125
1213 0.65 0.3875
1214 0.6 0.4125
1215 0.65 0.405
1216 0.7 0.43
1217 0.575 0.4075
1218 0.6 0.4475
1219 0.625 0.4225
1220 0.7 0.455
1221 0.625 0.465
1222 0.675 0.4225
1223 0.7 0.4225
1224 0.625 0.44
1225 0.65 0.4125
1226 0.6 0.4425
1227 0.525 0.4375
1228 0.625 0.4275
1229 0.725 0.4325
1230 0.65 0.445
1231 0.7 0.3775
1232 0.6 0.43
1233 0.6 0.41
1234 0.65 0.4125
1235 0.6 0.4025
1236 0.55 0.395
1237 0.6 0.44
1238 0.5 0.43
1239 0.75 0.3875
1240 0.65 0.4425
1241 0.675 0.405
1242 0.675 0.395
1243 0.675 0.44
1244 0.725 0.41
1245 0.65 0.3775
1246 0.55 0.4025
1247 0.85 0.4575
1248 0.675 0.4325
1249 0.65 0.455
1250 0.675 0.4525
1251 0.775 0.4475
1252 0.725 0.3975
1253 0.65 0.3875
1254 0.625 0.4075
1255 0.825 0.3925
1256 0.575 0.42
1257 0.7 0.41
1258 0.7 0.3875
1259 0.7 0.445
1260 0.775 0.39
1261 0.6 0.455
1262 0.55 0.4475
1263 0.775 0.4575
1264 0.725 0.44
1265 0.625 0.44
1266 0.675 0.46
1267 0.7 0.39
1268 0.8 0.4425
1269 0.7 0.395
1270 0.775 0.3875
1271 0.65 0.415
1272 0.725 0.4275
1273 0.65 0.4975
1274 0.75 0.41
1275 0.65 0.4175
1276 0.675 0.425
1277 0.65 0.4075
1278 0.55 0.46
1279 0.6 0.46
1280 0.625 0.42
1281 0.65 0.4375
1282 0.75 0.3975
1283 0.65 0.465
1284 0.8 0.44
1285 0.875 0.42
1286 0.75 0.4375
1287 0.75 0.47
1288 0.675 0.4475
1289 0.8 0.4975
1290 0.65 0.4225
1291 0.825 0.465
1292 0.775 0.46
1293 0.75 0.4425
1294 0.8 0.445
1295 0.55 0.4975
1296 0.65 0.4425
1297 0.525 0.47
1298 0.625 0.4125
1299 0.7 0.4525
1300 0.675 0.4275
1301 0.775 0.395
1302 0.75 0.4575
1303 0.65 0.4525
1304 0.7 0.485
1305 0.7 0.445
1306 0.775 0.455
1307 0.725 0.46
1308 0.7 0.45
1309 0.675 0.44
1310 0.675 0.4575
1311 0.825 0.3925
1312 0.75 0.4725
1313 0.725 0.4325
1314 0.725 0.4475
1315 0.7 0.4475
1316 0.65 0.495
1317 0.7 0.47
1318 0.75 0.45
1319 0.625 0.425
1320 0.65 0.48
1321 0.7 0.495
1322 0.725 0.4575
1323 0.85 0.4475
1324 0.775 0.48
1325 0.725 0.44
1326 0.7 0.515
1327 0.725 0.45
1328 0.725 0.4625
1329 0.75 0.42
1330 0.725 0.4925
1331 0.8 0.43
1332 0.8 0.4025
1333 0.7 0.4375
1334 0.85 0.4625
1335 0.5 0.395
1336 0.725 0.4475
1337 0.7 0.4225
1338 0.675 0.425
1339 0.7 0.4375
1340 0.65 0.4425
1341 0.55 0.41
1342 0.675 0.4325
1343 0.7 0.4225
1344 0.55 0.4125
1345 0.75 0.4325
1346 0.8 0.44
1347 0.675 0.4225
1348 0.675 0.435
1349 0.675 0.43
1350 0.65 0.475
1351 0.65 0.4175
1352 0.85 0.4525
1353 0.675 0.4775
1354 0.65 0.4575
1355 0.625 0.4675
1356 0.725 0.4575
1357 0.8 0.435
1358 0.625 0.4975
1359 0.8 0.49
1360 0.6 0.43
1361 0.8 0.43
1362 0.8 0.46
1363 0.775 0.43
1364 0.725 0.4475
1365 0.7 0.4525
1366 0.6 0.4375
1367 0.675 0.41
1368 0.65 0.4175
1369 0.7 0.4
1370 0.775 0.43
1371 0.725 0.4025
1372 0.725 0.4625
1373 0.725 0.4525
1374 0.675 0.465
1375 0.775 0.4825
1376 0.8 0.4675
1377 0.75 0.495
1378 0.65 0.4575
1379 0.65 0.46
1380 0.625 0.5075
1381 0.9 0.415
1382 0.725 0.4725
1383 0.7 0.4375
1384 0.675 0.4525
1385 0.725 0.49
1386 0.675 0.435
1387 0.775 0.4575
1388 0.725 0.515
1389 0.625 0.475
1390 0.75 0.4875
1391 0.75 0.4875
1392 0.8 0.4425
1393 0.825 0.435
1394 0.8 0.485
1395 0.85 0.4225
1396 0.7 0.42
1397 0.75 0.485
1398 0.75 0.4775
1399 0.675 0.4675
1400 0.775 0.425
1401 0.75 0.4825
1402 0.7 0.4675
1403 0.75 0.4625
1404 0.625 0.4625
1405 0.675 0.445
1406 0.7 0.485
1407 0.725 0.48
1408 0.75 0.4475
1409 0.725 0.435
1410 0.725 0.43
1411 0.85 0.46
1412 0.75 0.435
1413 0.725 0.4575
1414 0.85 0.4225
1415 0.9 0.43
1416 0.8 0.415
1417 0.875 0.4825
1418 0.75 0.435
1419 0.75 0.4625
1420 0.775 0.455
1421 0.875 0.44
1422 0.825 0.47
1423 0.55 0.4425
1424 0.85 0.46
1425 0.825 0.455
1426 0.825 0.505
1427 0.525 0.4275
1428 0.8 0.4525
1429 0.75 0.435
1430 0.675 0.41
1431 0.7 0.435
1432 0.875 0.42
1433 0.75 0.405
1434 0.85 0.4175
1435 0.8 0.415
1436 0.85 0.3825
1437 0.6 0.4575
1438 0.75 0.445
1439 0.8 0.485
1440 0.8 0.4375
1441 0.725 0.45
1442 0.675 0.4375
1443 0.8 0.425
1444 0.625 0.4825
1445 0.825 0.44
1446 0.725 0.4225
1447 0.8 0.4125
1448 0.825 0.455
1449 0.725 0.44
1450 0.55 0.4325
1451 0.675 0.4525
1452 0.675 0.4575
1453 0.7 0.4825
1454 0.775 0.4375
1455 0.75 0.435
1456 0.725 0.4325
1457 0.875 0.455
1458 0.775 0.43
1459 0.8 0.5075
1460 0.675 0.485
1461 0.775 0.5
1462 0.825 0.5
1463 0.75 0.4625
1464 0.75 0.4975
1465 0.75 0.4775
1466 0.725 0.45
1467 0.75 0.42
1468 0.9 0.45
1469 0.65 0.445
1470 0.7 0.405
1471 0.8 0.4075
1472 0.8 0.47
1473 0.675 0.445
1474 0.65 0.465
1475 0.7 0.48
1476 0.7 0.415
1477 0.8 0.4675
1478 0.575 0.5
1479 0.75 0.4425
1480 0.75 0.43
1481 0.675 0.4925
1482 0.825 0.445
1483 0.8 0.3675
1484 0.725 0.4375
1485 0.675 0.5025
1486 0.775 0.4675
1487 0.65 0.495
1488 0.75 0.49
1489 0.8 0.4625
1490 0.875 0.4375
1491 0.75 0.45
1492 0.8 0.4375
1493 0.925 0.47
1494 0.725 0.4625
1495 0.75 0.45
1496 0.8 0.4775
1497 0.75 0.4625
1498 0.65 0.47
1499 0.775 0.465
1500 0.875 0.4
1501 0.725 0.455
1502 0.8 0.4725
1503 0.775 0.4325
1504 0.7 0.46
1505 0.675 0.4425
1506 0.75 0.445
1507 0.775 0.5175
1508 0.75 0.47
1509 0.85 0.485
1510 0.7 0.4525
1511 0.675 0.44
1512 0.775 0.4625
1513 0.85 0.4325
1514 0.775 0.44
1515 0.875 0.4525
1516 0.7 0.4825
1517 0.75 0.425
1518 0.65 0.3875
1519 0.875 0.445
1520 0.825 0.44
1521 0.825 0.4625
1522 0.725 0.4575
1523 0.725 0.4625
1524 0.825 0.46
1525 0.75 0.4575
1526 0.875 0.455
1527 0.675 0.4475
1528 0.75 0.435
1529 0.75 0.47
1530 0.75 0.47
1531 0.925 0.44
1532 0.775 0.475
1533 0.8 0.4925
1534 0.775 0.445
1535 0.7 0.49
1536 0.775 0.4625
1537 0.775 0.47
1538 0.775 0.4425
1539 0.775 0.45
1540 0.825 0.4325
1541 0.825 0.4775
1542 0.8 0.47
1543 0.825 0.45
1544 0.725 0.4525
1545 0.75 0.4475
1546 0.55 0.4175
1547 0.75 0.4075
1548 0.75 0.46
1549 0.675 0.425
1550 0.75 0.4325
1551 0.7 0.49
1552 0.65 0.4275
1553 0.825 0.4475
1554 0.825 0.445
1555 0.675 0.4175
1556 0.75 0.4725
1557 0.775 0.4225
1558 0.6 0.4575
1559 0.825 0.415
1560 0.85 0.4725
1561 0.625 0.485
1562 0.8 0.46
1563 0.75 0.43
1564 0.8 0.46
1565 0.675 0.46
1566 0.65 0.46
1567 0.8 0.51
1568 0.825 0.445
1569 0.85 0.455
1570 0.75 0.455
1571 0.85 0.495
1572 0.8 0.4875
1573 0.8 0.505
1574 0.775 0.5175
1575 0.625 0.475
1576 0.825 0.4625
1577 0.825 0.44
1578 0.8 0.455
1579 0.8 0.425
1580 0.8 0.5
1581 0.8 0.4975
1582 0.825 0.4825
1583 0.7 0.44
1584 0.75 0.4575
1585 0.6 0.4425
1586 0.9 0.495
1587 0.8 0.4725
1588 0.7 0.47
1589 0.825 0.4725
1590 0.775 0.48
1591 0.8 0.4925
1592 0.8 0.445
1593 0.825 0.405
1594 0.75 0.41
1595 0.8 0.475
1596 0.825 0.4225
1597 0.9 0.47
1598 0.875 0.47
1599 0.8 0.465
1600 0.825 0.4325
1601 0.825 0.4175
1602 0.825 0.4475
1603 0.725 0.4925
1604 0.875 0.45
1605 0.775 0.475
1606 0.8 0.4375
1607 0.8 0.4525
1608 0.85 0.4575
1609 0.7 0.4475
1610 0.925 0.465
1611 0.775 0.4725
1612 0.725 0.4925
1613 0.725 0.46
1614 0.75 0.485
1615 0.875 0.45
1616 0.8 0.4425
1617 0.8 0.4725
1618 0.9 0.51
1619 0.975 0.495
1620 0.775 0.4775
1621 0.9 0.4825
1622 0.9 0.4675
1623 0.775 0.465
1624 0.85 0.535
1625 0.875 0.48
1626 0.85 0.5025
1627 0.9 0.4475
1628 0.85 0.4675
1629 0.675 0.4725
1630 0.8 0.43
1631 0.825 0.4825
1632 0.85 0.4625
1633 0.75 0.5425
1634 0.825 0.505
1635 0.825 0.47
1636 0.775 0.4525
1637 0.8 0.4725
1638 0.725 0.51
1639 0.825 0.4075
1640 0.9 0.4525
1641 0.875 0.435
1642 0.875 0.45
1643 0.75 0.485
1644 0.85 0.45
1645 0.925 0.43
1646 0.7 0.48
1647 0.8 0.4675
1648 0.775 0.48
1649 0.75 0.475
1650 0.775 0.4425
1651 0.85 0.415
1652 0.775 0.48
1653 0.75 0.4425
1654 0.7 0.4525
1655 0.825 0.4475
1656 0.775 0.4375
1657 0.75 0.4625
1658 0.675 0.4175
1659 0.775 0.4625
1660 0.85 0.3925
1661 0.9 0.43
1662 0.7 0.4725
1663 0.825 0.445
1664 0.8 0.4225
1665 0.7 0.4575
1666 0.8 0.44
1667 0.775 0.46
1668 0.85 0.48
1669 0.7 0.46
1670 0.85 0.46
1671 0.825 0.4825
1672 0.775 0.5025
1673 0.725 0.52
1674 0.775 0.4875
1675 0.825 0.445
1676 0.775 0.4475
1677 0.775 0.46
1678 0.775 0.4925
1679 0.75 0.52
1680 0.85 0.45
1681 0.825 0.5125
1682 0.85 0.505
1683 0.85 0.4925
1684 0.825 0.525
1685 0.95 0.4825
1686 0.85 0.4875
1687 0.775 0.445
1688 0.825 0.4675
1689 0.775 0.4725
1690 0.8 0.4525
1691 0.775 0.47
1692 0.725 0.475
1693 0.85 0.495
1694 0.775 0.4675
1695 0.875 0.46
1696 0.875 0.4625
1697 0.85 0.4625
1698 0.775 0.4875
1699 0.9 0.4675
1700 0.8 0.475
1701 0.75 0.435
1702 0.7 0.465
1703 0.8 0.4425
1704 0.675 0.5075
1705 0.875 0.4425
1706 0.8 0.495
1707 0.85 0.4175
1708 0.85 0.4725
1709 0.75 0.485
1710 0.825 0.46
1711 0.875 0.4575
1712 0.85 0.4175
1713 0.85 0.5
1714 0.75 0.4975
1715 0.8 0.4475
1716 0.875 0.48
1717 0.85 0.4575
1718 0.85 0.4975
1719 0.875 0.4925
1720 0.85 0.415
1721 0.9 0.445
1722 0.775 0.4875
1723 0.9 0.53
1724 0.95 0.5075
1725 0.825 0.5375
1726 0.7 0.5025
1727 0.875 0.48
1728 0.85 0.53
1729 0.875 0.4875
1730 0.775 0.475
1731 0.875 0.485
1732 0.75 0.51
1733 0.85 0.4375
1734 0.75 0.4825
1735 0.875 0.48
1736 0.875 0.4925
1737 0.8 0.47
1738 0.75 0.46
1739 0.85 0.46
1740 0.875 0.4575
1741 0.85 0.4825
1742 0.675 0.4925
1743 0.775 0.4725
1744 0.725 0.485
1745 0.8 0.5
1746 0.8 0.4875
1747 0.825 0.465
1748 0.725 0.4875
1749 0.875 0.4475
1750 0.8 0.44
1751 0.925 0.51
1752 0.875 0.4975
1753 0.825 0.465
1754 0.875 0.5175
1755 0.775 0.4975
1756 0.825 0.515
1757 0.775 0.4675
1758 0.825 0.4525
1759 0.9 0.48
1760 0.75 0.4725
1761 0.775 0.4625
1762 0.8 0.4775
1763 0.875 0.4725
1764 0.85 0.465
1765 0.875 0.5325
1766 0.725 0.455
1767 0.75 0.4925
1768 0.9 0.4725
1769 0.775 0.485
1770 0.925 0.485
1771 0.825 0.505
1772 0.825 0.4675
1773 0.85 0.495
1774 0.925 0.4825
1775 0.875 0.4625
1776 0.675 0.495
1777 0.775 0.4775
1778 0.8 0.53
1779 0.925 0.4825
1780 0.875 0.48
1781 0.825 0.4675
1782 0.725 0.56
1783 0.8 0.4775
1784 0.775 0.475
1785 0.95 0.45
1786 0.925 0.4525
1787 0.8 0.4725
1788 0.9 0.4825
1789 0.85 0.485
1790 0.9 0.515
1791 0.775 0.4825
1792 0.875 0.4575
1793 0.85 0.47
1794 0.875 0.525
1795 0.875 0.49
1796 0.8 0.4925
1797 0.95 0.47
1798 0.975 0.5025
1799 0.775 0.4575
1800 0.875 0.5
1801 0.875 0.4325
1802 0.75 0.41
1803 0.75 0.475
1804 0.85 0.4375
1805 0.9 0.43
1806 0.85 0.4475
1807 0.9 0.5075
1808 0.725 0.5025
1809 0.775 0.465
1810 0.8 0.4475
1811 0.85 0.4775
1812 0.925 0.4875
1813 0.9 0.455
1814 0.9 0.4525
1815 0.925 0.445
1816 0.825 0.485
1817 0.825 0.4725
1818 0.875 0.4375
1819 0.85 0.485
1820 0.775 0.4925
1821 0.875 0.475
1822 0.775 0.4725
1823 0.875 0.5375
1824 0.85 0.4775
1825 0.85 0.5075
1826 0.825 0.4725
1827 0.85 0.45
1828 0.7 0.4575
1829 0.975 0.4525
1830 0.775 0.465
1831 0.875 0.51
1832 0.85 0.5175
1833 0.925 0.48
1834 0.775 0.4875
1835 0.825 0.4775
1836 0.9 0.47
1837 0.825 0.4825
1838 0.85 0.515
1839 0.875 0.5
1840 0.975 0.46
1841 0.875 0.4575
1842 0.925 0.4375
1843 0.65 0.4625
1844 0.85 0.4525
1845 0.875 0.485
1846 0.875 0.4725
1847 0.775 0.49
1848 0.8 0.48
1849 0.875 0.48
1850 0.875 0.49
1851 0.925 0.5025
1852 0.775 0.5075
1853 0.875 0.4875
1854 0.875 0.4925
1855 0.875 0.4875
1856 0.825 0.49
1857 0.875 0.495
1858 0.8 0.4725
1859 0.825 0.485
1860 0.875 0.5125
1861 0.875 0.48
1862 0.85 0.515
1863 0.85 0.52
1864 0.8 0.4725
1865 0.8 0.45
1866 0.8 0.495
1867 0.775 0.505
1868 0.875 0.4675
1869 0.8 0.48
1870 0.825 0.4875
1871 0.925 0.485
1872 0.775 0.4725
1873 0.9 0.5
1874 0.85 0.4775
1875 0.725 0.5075
1876 0.875 0.4975
1877 0.85 0.47
1878 0.825 0.4775
1879 0.875 0.435
1880 0.775 0.5
1881 0.8 0.49
1882 0.925 0.5225
1883 0.825 0.4775
1884 0.825 0.5
1885 0.9 0.5125
1886 0.9 0.525
1887 0.825 0.5575
1888 0.875 0.535
1889 0.85 0.4875
1890 0.95 0.5
1891 0.85 0.5525
1892 0.9 0.535
1893 0.825 0.495
1894 0.825 0.51
1895 0.825 0.5125
1896 0.9 0.48
1897 0.875 0.4625
1898 0.925 0.49
1899 0.825 0.4875
1900 0.925 0.505
1901 0.75 0.4525
1902 0.75 0.485
1903 0.825 0.51
1904 0.9 0.4925
1905 0.85 0.515
1906 0.975 0.4825
1907 0.9 0.5075
1908 0.825 0.5075
1909 0.95 0.4875
1910 0.875 0.51
1911 0.925 0.4775
1912 0.875 0.4925
1913 0.825 0.5125
1914 0.925 0.515
1915 0.925 0.475
1916 0.95 0.505
1917 0.85 0.51
1918 0.9 0.525
1919 0.825 0.55
1920 0.875 0.4875
1921 0.85 0.485
1922 0.85 0.4675
1923 0.8 0.455
1924 0.875 0.4475
1925 0.825 0.4775
1926 0.825 0.4975
1927 0.9 0.4875
1928 0.925 0.46
1929 0.85 0.4925
1930 0.875 0.4725
1931 0.8 0.45
1932 0.925 0.47
1933 0.875 0.48
1934 0.825 0.51
1935 0.925 0.545
1936 0.95 0.52
1937 0.8 0.5075
1938 0.85 0.5375
1939 0.875 0.505
1940 0.825 0.4525
1941 0.85 0.49
1942 0.8 0.4525
1943 0.925 0.485
1944 0.825 0.47
1945 0.85 0.5075
1946 0.9 0.495
1947 0.9 0.5
1948 0.925 0.4975
1949 0.775 0.51
1950 0.95 0.4725
1951 0.925 0.4575
1952 0.825 0.5175
1953 0.9 0.5575
1954 0.9 0.495
1955 0.825 0.5075
1956 0.825 0.4725
1957 0.875 0.4675
1958 0.9 0.535
1959 0.9 0.4875
1960 0.775 0.51
1961 0.9 0.445
1962 0.9 0.49
1963 0.95 0.535
1964 0.9 0.4775
1965 0.9 0.5275
1966 0.775 0.45
1967 0.875 0.5175
1968 0.925 0.5275
1969 0.85 0.505
1970 0.925 0.4825
1971 0.875 0.535
1972 0.825 0.5075
1973 0.9 0.48
1974 0.9 0.495
1975 1.0 0.545
1976 0.9 0.4625
1977 0.9 0.505
1978 0.9 0.535
1979 1.0 0.5075
1980 0.975 0.4925
1981 0.925 0.5075
1982 0.875 0.48
1983 0.825 0.4775
1984 0.9 0.515
1985 0.825 0.5525
1986 0.975 0.495
1987 0.75 0.4975
1988 0.95 0.51
1989 0.9 0.5
1990 0.875 0.5075
1991 0.825 0.4775
1992 0.9 0.465
1993 0.825 0.475
1994 0.9 0.51
1995 0.85 0.4625
1996 0.925 0.4525
1997 0.875 0.48
1998 0.825 0.4575
1999 0.9 0.465
2000 0.925 0.5
2001 0.925 0.4525
2002 0.925 0.515
2003 0.9 0.4925
2004 0.875 0.5225
2005 0.9 0.495
2006 0.975 0.5
2007 0.975 0.5175
2008 0.8 0.515
2009 0.925 0.435
2010 0.95 0.4975
2011 0.85 0.4925
2012 0.825 0.475
2013 0.85 0.48
2014 0.925 0.505
2015 0.925 0.4425
2016 0.925 0.5175
2017 0.975 0.4725
2018 0.9 0.4925
2019 0.95 0.52
2020 0.975 0.53
2021 0.95 0.475
2022 0.875 0.5025
2023 0.8 0.5025
2024 0.925 0.525
2025 0.9 0.51
2026 0.925 0.5175
2027 0.9 0.515
2028 0.925 0.495
2029 0.925 0.515
2030 0.775 0.5025
2031 0.925 0.485
2032 0.875 0.4675
2033 0.875 0.485
2034 0.925 0.48
2035 0.95 0.4725
2036 0.925 0.4775
2037 0.9 0.57
2038 0.95 0.5225
2039 0.875 0.5225
2040 0.85 0.5025
2041 0.975 0.5175
2042 0.95 0.47
2043 0.925 0.505
2044 0.925 0.4675
2045 0.9 0.47
2046 0.975 0.48
2047 0.85 0.445
2048 0.925 0.5
2049 0.975 0.5125
2050 0.825 0.4975
2051 0.925 0.4675
2052 0.95 0.495
2053 0.85 0.5175
2054 0.825 0.495
2055 0.875 0.5025
2056 0.9 0.52
2057 0.925 0.5125
2058 0.95 0.4725
2059 0.925 0.495
2060 0.925 0.46
2061 0.75 0.4875
2062 0.825 0.4975
2063 0.875 0.445
2064 0.9 0.5325
2065 0.85 0.4825
2066 0.875 0.4825
2067 0.925 0.46
2068 0.9 0.5125
2069 0.85 0.505
2070 0.875 0.5125
2071 0.825 0.45
2072 0.925 0.495
2073 0.925 0.49
2074 0.875 0.4575
2075 0.825 0.4825
2076 0.85 0.4575
2077 0.875 0.4225
2078 0.875 0.465
2079 0.875 0.5525
2080 0.825 0.5225
2081 0.875 0.475
2082 0.9 0.505
2083 0.9 0.4525
2084 0.9 0.495
2085 0.9 0.5125
2086 0.875 0.48
2087 0.875 0.4975
2088 0.9 0.55
2089 0.85 0.5075
2090 0.9 0.495
2091 0.925 0.485
2092 0.825 0.47
2093 0.85 0.515
2094 0.925 0.5225
2095 0.95 0.5
2096 0.85 0.505
2097 0.875 0.5
2098 0.95 0.47
2099 0.95 0.495
2100 0.925 0.485
2101 0.9 0.5075
2102 0.875 0.5025
2103 0.9 0.515
2104 0.875 0.4475
2105 0.925 0.5175
2106 0.9 0.495
2107 0.975 0.4625
2108 0.875 0.4425
2109 0.975 0.455
2110 0.9 0.4725
2111 0.9 0.485
2112 0.9 0.465
2113 0.95 0.51
2114 0.95 0.5325
2115 1.0 0.4725
2116 0.975 0.4875
2117 0.875 0.455
2118 0.95 0.545
2119 0.95 0.4725
2120 0.925 0.53
2121 0.975 0.45
2122 0.9 0.5
2123 0.925 0.5625
2124 0.875 0.51
2125 0.925 0.52
2126 0.925 0.54
2127 0.925 0.465
2128 1.0 0.455
2129 0.925 0.5075
2130 0.925 0.535
2131 1.0 0.495
2132 0.875 0.56
2133 0.9 0.5225
2134 0.9 0.505
2135 0.9 0.4375
2136 0.9 0.505
2137 0.875 0.515
2138 0.925 0.4775
2139 0.9 0.4825
2140 0.925 0.5125
2141 0.95 0.5075
2142 0.9 0.505
2143 0.925 0.46
2144 0.95 0.4875
2145 0.925 0.4675
2146 0.95 0.5175
2147 0.9 0.51
2148 0.85 0.5125
2149 0.925 0.5075
2150 0.975 0.5125
2151 0.9 0.51
2152 0.875 0.5025
2153 0.925 0.5
2154 0.925 0.51
2155 0.9 0.51
2156 0.875 0.48
2157 0.925 0.51
2158 0.95 0.5125
2159 0.925 0.495
2160 0.975 0.555
2161 0.925 0.5075
2162 0.875 0.46
2163 0.95 0.53
2164 0.925 0.5
2165 0.85 0.4825
2166 0.9 0.5475
2167 0.95 0.4675
2168 0.95 0.5
2169 0.9 0.5075
2170 0.9 0.4875
2171 0.975 0.5475
2172 0.975 0.4775
2173 0.925 0.5075
2174 0.95 0.515
2175 0.9 0.4975
2176 0.925 0.5025
2177 0.95 0.515
2178 0.95 0.4775
2179 0.95 0.4825
2180 0.9 0.48
2181 0.925 0.4725
2182 0.9 0.475
2183 0.925 0.5025
2184 0.95 0.4725
2185 0.925 0.4875
2186 0.95 0.515
2187 0.875 0.565
2188 0.925 0.51
2189 1.0 0.53
2190 0.925 0.475
2191 0.875 0.495
2192 0.95 0.4975
2193 0.9 0.4925
2194 0.95 0.5225
2195 0.825 0.49
2196 0.975 0.4625
2197 0.975 0.485
2198 0.925 0.5275
2199 0.85 0.49
2200 0.95 0.4975
2201 0.9 0.505
2202 0.95 0.4525
2203 0.95 0.5225
2204 0.9 0.4875
2205 0.975 0.51
2206 0.925 0.455
2207 0.95 0.5275
2208 0.95 0.4675
2209 0.975 0.5125
2210 0.925 0.495
2211 0.925 0.5325
2212 0.9 0.4875
2213 0.875 0.5225
2214 0.975 0.51
2215 0.975 0.51
2216 0.925 0.4875
2217 0.925 0.4975
2218 0.975 0.5275
2219 0.975 0.525
2220 0.95 0.4975
2221 0.95 0.5
2222 0.9 0.4325
2223 0.95 0.5175
2224 0.975 0.5225
2225 0.925 0.55
2226 0.9 0.5175
2227 0.95 0.515
2228 0.95 0.465
2229 0.925 0.55
2230 0.85 0.5025
2231 0.925 0.545
2232 1.0 0.515
2233 0.825 0.5025
2234 0.9 0.5025
2235 0.95 0.4825
2236 0.925 0.54
2237 0.95 0.5475
2238 0.825 0.52
2239 0.925 0.5375
2240 0.925 0.4525
2241 0.9 0.5175
2242 0.925 0.5625
2243 0.95 0.4975
2244 0.95 0.495
2245 0.925 0.5225
2246 1.0 0.4975
2247 0.925 0.45
2248 0.875 0.5075
2249 0.95 0.45
2250 0.975 0.5175
2251 1.0 0.4925
2252 0.95 0.505
2253 0.95 0.5025
2254 0.95 0.465
2255 0.925 0.465
2256 0.85 0.4825
2257 0.975 0.48
2258 0.9 0.4625
2259 0.925 0.495
2260 0.9 0.4325
2261 0.925 0.5275
2262 0.825 0.4975
2263 0.95 0.5375
2264 0.975 0.4775
2265 0.975 0.525
2266 0.925 0.48
2267 0.95 0.525
2268 0.925 0.5175
2269 0.875 0.5225
2270 0.85 0.5075
2271 0.925 0.5075
2272 0.975 0.5175
2273 0.925 0.515
2274 0.925 0.4975
2275 0.975 0.4775
2276 0.9 0.5175
2277 0.9 0.5075
2278 0.875 0.455
2279 1.0 0.53
2280 0.875 0.4875
2281 0.95 0.495
2282 0.95 0.525
2283 0.9 0.515
2284 0.9 0.535
2285 0.875 0.475
2286 0.975 0.535
2287 0.925 0.4725
2288 0.925 0.465
2289 0.95 0.525
2290 0.925 0.53
2291 0.95 0.4675
2292 0.925 0.49
2293 0.95 0.4775
2294 0.975 0.5275
2295 0.925 0.53
2296 0.975 0.53
2297 0.925 0.49
2298 0.975 0.505
2299 0.85 0.5225
2300 0.875 0.5075
2301 1.0 0.485
2302 0.925 0.5125
2303 0.95 0.53
2304 0.95 0.49
2305 0.95 0.495
2306 0.9 0.55
2307 0.95 0.475
2308 0.925 0.4875
2309 0.875 0.495
2310 0.975 0.545
2311 0.975 0.5225
2312 0.95 0.495
2313 0.9 0.495
2314 0.975 0.4925
2315 0.925 0.4975
2316 0.9 0.4575
2317 0.925 0.5425
2318 0.975 0.5125
2319 1.0 0.5125
2320 0.975 0.525
2321 0.875 0.495
2322 0.925 0.5375
2323 0.975 0.4925
2324 0.975 0.4925
2325 0.925 0.545
2326 0.9 0.5
2327 0.95 0.485
2328 0.9 0.51
2329 0.95 0.4925
2330 0.95 0.4975
2331 0.925 0.4675
2332 0.95 0.4875
2333 0.95 0.49
2334 0.9 0.4625
2335 0.975 0.4925
2336 0.925 0.5275
2337 0.9 0.5175
2338 0.925 0.4575
2339 0.975 0.54
2340 0.925 0.4475
2341 0.95 0.4925
2342 0.925 0.5075
2343 1.0 0.48
2344 0.975 0.5275
2345 0.9 0.5075
2346 0.925 0.4925
2347 0.9 0.4775
2348 0.95 0.485
2349 0.975 0.515
2350 0.875 0.525
2351 0.975 0.525
2352 0.925 0.5025
2353 0.95 0.4975
2354 1.0 0.51
2355 0.95 0.5
2356 0.9 0.495
2357 0.925 0.525
2358 0.95 0.5325
2359 0.925 0.4875
2360 0.95 0.515
2361 0.875 0.4725
2362 0.95 0.54
2363 0.95 0.5275
2364 0.95 0.55
2365 0.975 0.4975
2366 0.9 0.54
2367 0.925 0.495
2368 0.925 0.5325
2369 0.925 0.5425
2370 0.975 0.5275
2371 0.925 0.495
2372 0.975 0.4925
2373 0.925 0.5325
2374 0.875 0.52
2375 0.875 0.535
2376 0.95 0.5425
2377 0.975 0.5
2378 0.925 0.5375
2379 1.0 0.4775
2380 0.95 0.45
2381 1.0 0.4775
2382 0.925 0.505
2383 0.975 0.5125
2384 0.95 0.465
2385 0.975 0.4725
2386 1.0 0.485
2387 0.925 0.5225
2388 0.95 0.52
2389 0.975 0.5375
2390 0.95 0.4625
2391 0.95 0.52
2392 0.925 0.4875
2393 0.975 0.51
2394 0.925 0.5125
2395 0.95 0.4925
2396 0.975 0.475
2397 0.925 0.495
2398 0.95 0.55
2399 0.9 0.53
2400 0.9 0.4875
2401 0.925 0.5025
2402 0.95 0.47
2403 0.925 0.4375
2404 0.925 0.5225
2405 0.975 0.5125
2406 0.975 0.49
2407 0.95 0.5075
2408 0.875 0.495
2409 0.85 0.49
2410 0.95 0.4475
2411 0.925 0.4725
2412 0.975 0.4875
2413 0.925 0.4825
2414 1.0 0.5025
2415 0.95 0.505
2416 0.975 0.5325
2417 0.95 0.4425
2418 0.975 0.51
2419 0.975 0.525
2420 0.975 0.5275
2421 1.0 0.5225
2422 0.925 0.51
2423 0.95 0.52
2424 0.975 0.5125
2425 0.925 0.5125
2426 0.95 0.495
2427 1.0 0.5175
2428 0.95 0.4875
2429 0.9 0.5125
2430 0.925 0.485
2431 0.975 0.475
2432 0.975 0.46
2433 0.95 0.54
2434 0.925 0.525
2435 0.95 0.4675
2436 1.0 0.4575
2437 0.975 0.5175
2438 0.9 0.515
2439 0.975 0.5075
2440 0.95 0.47
2441 0.925 0.5025
2442 0.925 0.55
2443 0.95 0.555
2444 0.95 0.49
2445 0.9 0.525
2446 0.925 0.5175
2447 0.95 0.5375
2448 0.975 0.58
2449 0.9 0.5175
2450 0.95 0.5375
2451 1.0 0.4875
2452 0.9 0.4875
2453 0.925 0.525
2454 0.975 0.5075
2455 0.975 0.49
2456 1.0 0.5025
2457 0.975 0.5325
2458 0.975 0.525
2459 0.975 0.53
2460 0.925 0.55
2461 0.975 0.5075
2462 0.875 0.49
2463 0.95 0.5125
2464 0.925 0.525
2465 0.975 0.4675
2466 0.9 0.4925
2467 0.95 0.4925
2468 0.875 0.48
2469 0.975 0.4925
2470 0.85 0.48
2471 0.925 0.505
2472 0.95 0.495
2473 1.0 0.545
2474 0.975 0.545
2475 0.925 0.525
2476 0.875 0.54
2477 0.975 0.5
2478 0.95 0.49
2479 1.0 0.495
2480 0.95 0.55
2481 0.95 0.525
2482 1.0 0.5075
2483 0.975 0.5175
2484 0.95 0.52
2485 0.9 0.5075
2486 1.0 0.5225
2487 1.0 0.5
2488 1.0 0.5025
2489 0.925 0.5475
2490 0.925 0.525
2491 0.95 0.5325
2492 0.975 0.5475
2493 0.9 0.535
2494 0.95 0.5525
2495 0.975 0.535
2496 0.95 0.515
2497 0.925 0.53
2498 0.95 0.495
2499 0.95 0.455
2500 0.975 0.465
2501 0.95 0.525
2502 0.95 0.5025
2503 0.925 0.5
2504 0.975 0.4875
2505 0.875 0.4975
2506 0.875 0.4775
2507 0.975 0.54
2508 1.0 0.485
2509 1.0 0.5175
2510 0.95 0.535
2511 0.975 0.55
2512 0.975 0.5025
2513 0.85 0.5025
2514 0.975 0.5025
2515 0.925 0.4925
2516 0.9 0.4975
2517 0.925 0.525
2518 1.0 0.505
2519 0.975 0.5125
2520 0.925 0.505
2521 0.925 0.5075
2522 0.95 0.5
2523 0.975 0.4725
2524 0.9 0.445
2525 0.975 0.4975
2526 0.925 0.545
2527 0.95 0.4975
2528 0.975 0.5
2529 0.925 0.49
2530 0.975 0.52
2531 0.975 0.5175
2532 0.975 0.51
2533 0.925 0.5325
2534 0.975 0.53
2535 0.975 0.51
2536 0.95 0.515
2537 0.925 0.455
2538 0.975 0.4875
2539 0.975 0.52
2540 1.0 0.4875
2541 1.0 0.4975
2542 0.95 0.515
2543 0.975 0.515
2544 0.95 0.54
2545 0.95 0.525
2546 0.975 0.49
2547 1.0 0.54
2548 0.925 0.5325
2549 0.95 0.485
2550 1.0 0.56
2551 1.0 0.5175
2552 0.975 0.4725
2553 0.825 0.5625
2554 0.9 0.5575
2555 0.9 0.5425
2556 0.975 0.525
2557 1.0 0.49
2558 0.95 0.52
2559 0.95 0.53
2560 0.95 0.53
2561 0.975 0.535
2562 0.975 0.51
2563 0.975 0.5125
2564 0.95 0.535
2565 0.9 0.495
2566 0.975 0.51
2567 0.975 0.555
2568 0.9 0.5025
2569 0.9 0.5475
2570 0.975 0.5175
2571 0.975 0.505
2572 0.925 0.47
2573 0.9 0.4725
2574 0.95 0.4675
2575 0.95 0.475
2576 0.975 0.4975
2577 1.0 0.52
2578 0.925 0.495
2579 0.975 0.5325
2580 0.95 0.5375
2581 0.975 0.5225
2582 1.0 0.49
2583 0.925 0.505
2584 0.9 0.5125
2585 0.975 0.51
2586 0.975 0.49
2587 0.925 0.5075
2588 1.0 0.52
2589 0.95 0.5
2590 1.0 0.535
2591 0.975 0.5375
2592 0.975 0.5175
2593 0.975 0.525
2594 0.925 0.5575
2595 0.925 0.46
2596 1.0 0.5175
2597 0.95 0.505
2598 0.975 0.535
2599 1.0 0.5125
2600 0.9 0.51
2601 0.95 0.48
2602 0.975 0.5275
2603 0.95 0.4975
2604 1.0 0.4775
2605 0.95 0.51
2606 0.975 0.51
2607 0.925 0.53
2608 0.95 0.535
2609 0.95 0.5225
2610 0.925 0.555
2611 1.0 0.54
2612 1.0 0.5225
2613 0.875 0.4875
2614 1.0 0.505
2615 0.975 0.5275
2616 0.95 0.55
2617 0.975 0.535
2618 0.95 0.51
2619 0.975 0.4925
2620 0.975 0.5225
2621 0.975 0.4725
2622 0.925 0.5325
2623 0.95 0.535
2624 1.0 0.55
2625 0.925 0.535
2626 0.925 0.515
2627 0.975 0.5
2628 0.975 0.485
2629 1.0 0.4825
2630 0.975 0.5175
2631 0.9 0.5575
2632 1.0 0.52
2633 0.9 0.52
2634 1.0 0.465
2635 0.975 0.53
2636 1.0 0.4575
2637 0.975 0.495
2638 0.975 0.54
2639 1.0 0.5275
2640 0.975 0.5575
2641 0.975 0.52
2642 0.95 0.5525
2643 0.975 0.5325
2644 0.975 0.5
2645 0.95 0.5475
2646 1.0 0.49
2647 0.975 0.54
2648 0.9 0.5225
2649 0.95 0.465
2650 0.95 0.5575
2651 0.95 0.5175
2652 0.925 0.5125
2653 0.95 0.505
2654 0.975 0.51
2655 1.0 0.5425
2656 0.925 0.5425
2657 0.975 0.495
2658 0.975 0.515
2659 0.975 0.52
2660 0.975 0.4725
2661 0.95 0.53
2662 1.0 0.485
2663 0.975 0.56
2664 1.0 0.5075
2665 0.975 0.545
2666 0.925 0.5
2667 0.975 0.5625
2668 0.975 0.515
2669 0.975 0.5175
2670 0.95 0.48
2671 0.9 0.5125
2672 0.95 0.5
2673 0.975 0.5225
2674 1.0 0.5
2675 0.9 0.54
2676 0.975 0.56
2677 0.925 0.5225
2678 0.975 0.505
2679 1.0 0.535
2680 1.0 0.5225
2681 0.975 0.5575
2682 0.975 0.5325
2683 0.925 0.515
2684 0.975 0.5725
2685 0.975 0.52
2686 0.925 0.5375
2687 1.0 0.525
2688 0.975 0.5425
2689 1.0 0.555
2690 1.0 0.5475
2691 0.975 0.5525
2692 0.925 0.5075
2693 1.0 0.555
2694 0.95 0.5375
2695 1.0 0.5425
2696 0.975 0.4875
2697 1.0 0.505
2698 1.0 0.5275
2699 0.95 0.5325
2700 0.975 0.5625
2701 0.95 0.545
2702 0.975 0.5075
2703 0.975 0.52
2704 1.0 0.5375
2705 0.95 0.52
2706 0.95 0.5425
2707 1.0 0.5275
2708 0.975 0.5525
2709 0.975 0.51
2710 0.95 0.5525
2711 0.975 0.5225
2712 0.975 0.515
2713 0.9 0.555
2714 0.975 0.55
2715 1.0 0.55
2716 0.975 0.505
2717 0.95 0.505
2718 0.95 0.5025
2719 0.95 0.4575
2720 0.95 0.5325
2721 0.95 0.52
2722 0.975 0.49
2723 0.95 0.53
2724 1.0 0.475
2725 0.975 0.5325
2726 0.975 0.535
2727 1.0 0.5475
2728 0.975 0.5375
2729 0.95 0.465
2730 0.95 0.5175
2731 0.95 0.4825
2732 0.975 0.5325
2733 1.0 0.54
2734 0.975 0.5375
2735 0.975 0.515
2736 0.975 0.55
2737 0.95 0.52
2738 0.95 0.5325
2739 1.0 0.575
2740 0.975 0.48
2741 0.975 0.5225
2742 0.975 0.5175
2743 0.9 0.52
2744 0.975 0.5025
2745 0.975 0.5625
2746 0.925 0.56
2747 0.95 0.5225
2748 0.925 0.555
2749 0.975 0.4775
2750 0.975 0.56
2751 0.975 0.5375
2752 0.95 0.535
2753 1.0 0.515
2754 1.0 0.505
2755 0.95 0.525
2756 1.0 0.5375
2757 0.975 0.505
2758 0.95 0.495
2759 1.0 0.54
2760 0.975 0.51
2761 0.95 0.5325
2762 0.95 0.5
2763 1.0 0.535
2764 0.975 0.465
2765 0.975 0.5175
2766 0.925 0.4775
2767 0.95 0.475
2768 0.975 0.4875
2769 0.925 0.4875
2770 1.0 0.495
2771 0.975 0.5
2772 0.925 0.5475
2773 1.0 0.5175
2774 0.975 0.48
2775 0.975 0.49
2776 0.95 0.455
2777 0.975 0.5275
2778 0.95 0.5225
2779 0.95 0.5775
2780 0.95 0.505
2781 1.0 0.51
2782 0.925 0.4975
2783 1.0 0.5175
2784 0.925 0.5325
2785 1.0 0.5125
2786 0.975 0.5675
2787 1.0 0.5175
2788 1.0 0.5575
2789 1.0 0.5475
2790 0.9 0.5325
2791 1.0 0.5425
2792 1.0 0.535
2793 1.0 0.5375
2794 1.0 0.5175
2795 0.975 0.505
2796 0.9 0.5525
2797 0.975 0.555
2798 0.975 0.5625
2799 0.975 0.57
2800 0.975 0.5
2801 0.95 0.55
2802 1.0 0.5025
2803 0.975 0.505
2804 1.0 0.495
2805 1.0 0.5825
2806 0.925 0.535
2807 0.925 0.53
2808 0.925 0.5275
2809 0.95 0.52
2810 0.975 0.5575
2811 1.0 0.56
2812 0.925 0.5
2813 1.0 0.585
2814 1.0 0.5325
2815 0.975 0.5275
2816 0.975 0.52
2817 0.95 0.5125
2818 1.0 0.555
2819 0.975 0.5275
2820 0.95 0.5275
2821 0.925 0.4825
2822 0.95 0.5375
2823 0.9 0.4825
2824 0.95 0.55
2825 0.975 0.55
2826 0.875 0.53
2827 0.975 0.4775
2828 1.0 0.51
2829 0.95 0.5525
2830 0.975 0.565
2831 1.0 0.52
2832 0.95 0.5125
2833 0.95 0.53
2834 0.9 0.52
2835 1.0 0.4975
2836 1.0 0.495
2837 0.95 0.5125
2838 1.0 0.5675
2839 1.0 0.5475
2840 0.975 0.5325
2841 0.95 0.5325
2842 0.975 0.53
2843 0.975 0.54
2844 1.0 0.53
2845 0.975 0.5425
2846 0.975 0.47
2847 1.0 0.56
2848 0.975 0.5175
2849 1.0 0.5575
2850 0.975 0.5625
2851 0.975 0.525
2852 1.0 0.4875
2853 0.95 0.57
2854 0.95 0.535
2855 1.0 0.5175
2856 1.0 0.5525
2857 1.0 0.58
2858 0.95 0.565
2859 1.0 0.535
2860 0.975 0.53
2861 0.95 0.5325
2862 0.975 0.5825
2863 0.925 0.5475
2864 1.0 0.495
2865 0.975 0.5275
2866 1.0 0.54
2867 1.0 0.545
2868 1.0 0.5725
2869 0.975 0.5175
2870 0.975 0.585
2871 0.975 0.505
2872 1.0 0.5125
2873 0.975 0.4875
2874 0.975 0.535
2875 0.975 0.58
2876 1.0 0.5525
2877 1.0 0.515
2878 0.95 0.5175
2879 1.0 0.58
2880 1.0 0.5425
2881 1.0 0.5025
2882 0.975 0.57
2883 0.975 0.5125
2884 0.9 0.5375
2885 0.975 0.5225
2886 0.975 0.5175
2887 0.95 0.555
2888 0.975 0.5475
2889 0.975 0.52
2890 1.0 0.5475
2891 0.975 0.515
2892 0.975 0.575
2893 0.95 0.54
2894 1.0 0.5425
2895 0.975 0.4925
2896 1.0 0.5175
2897 0.925 0.51
2898 1.0 0.5125
2899 0.975 0.515
2900 1.0 0.5325
2901 1.0 0.585
2902 1.0 0.5375
2903 0.975 0.5725
2904 1.0 0.545
2905 1.0 0.5475
2906 0.95 0.535
2907 0.975 0.49
2908 0.975 0.5025
2909 0.975 0.5525
2910 0.95 0.5575
2911 1.0 0.545
2912 1.0 0.5625
2913 0.95 0.6
2914 0.975 0.4975
2915 1.0 0.52
2916 0.975 0.53
2917 1.0 0.5325
2918 1.0 0.535
2919 0.975 0.5
2920 0.975 0.5375
2921 0.95 0.5025
2922 0.975 0.545
2923 1.0 0.525
2924 0.975 0.55
2925 0.975 0.515
2926 0.975 0.4925
2927 0.925 0.5625
2928 1.0 0.56
2929 0.975 0.55
2930 1.0 0.5325
2931 1.0 0.5075
2932 0.975 0.5275
2933 0.975 0.5275
2934 0.975 0.5325
2935 0.975 0.4875
2936 0.975 0.5375
2937 1.0 0.47
2938 1.0 0.4925
2939 0.975 0.5525
2940 0.95 0.4925
2941 1.0 0.5175
2942 0.975 0.545
2943 0.975 0.5325
2944 1.0 0.575
2945 1.0 0.53
2946 1.0 0.5025
2947 0.9 0.5075
2948 0.95 0.545
2949 0.975 0.4975
2950 0.975 0.52
2951 1.0 0.465
2952 1.0 0.505
2953 1.0 0.52
2954 0.95 0.51
2955 1.0 0.49
2956 1.0 0.5275
2957 0.975 0.5625
2958 1.0 0.485
2959 0.975 0.48
2960 1.0 0.52
2961 0.975 0.495
2962 0.975 0.5025
2963 0.975 0.54
2964 0.975 0.5525
2965 0.975 0.57
2966 0.95 0.535
2967 0.975 0.4725
2968 0.95 0.4775
2969 1.0 0.5675
2970 0.975 0.5175
2971 0.975 0.5025
2972 0.975 0.5275
2973 0.975 0.5325
2974 0.975 0.57
2975 0.95 0.5475
2976 1.0 0.54
2977 0.925 0.51
2978 0.975 0.515
2979 0.975 0.535
2980 0.975 0.4725
2981 0.975 0.5375
2982 0.95 0.495
2983 0.95 0.55
2984 1.0 0.5725
2985 0.975 0.54
2986 0.975 0.5375
2987 1.0 0.54
2988 0.975 0.495
2989 1.0 0.52
2990 0.975 0.52
2991 0.975 0.525
2992 0.95 0.5175
2993 0.975 0.575
2994 0.925 0.515
2995 1.0 0.55
2996 0.95 0.53
2997 0.975 0.5325
2998 1.0 0.5275
2999 0.975 0.525
3000 1.0 0.5225
3001 0.975 0.52
3002 0.975 0.51
3003 1.0 0.51
3004 1.0 0.52
3005 0.95 0.475
3006 1.0 0.5325
3007 1.0 0.4975
3008 1.0 0.5175
3009 0.975 0.52
3010 0.975 0.5325
3011 1.0 0.5425
3012 0.975 0.54
3013 1.0 0.59
3014 1.0 0.58
3015 1.0 0.6025
3016 0.975 0.4825
3017 0.975 0.5175
3018 1.0 0.525
3019 0.975 0.5325
3020 1.0 0.48
3021 0.975 0.48
3022 1.0 0.5275
3023 1.0 0.535
3024 1.0 0.5225
3025 0.975 0.4875
3026 0.975 0.49
3027 1.0 0.485
3028 0.95 0.5575
3029 0.975 0.57
3030 1.0 0.545
3031 0.975 0.53
3032 0.95 0.5325
3033 0.95 0.555
3034 1.0 0.5575
3035 0.975 0.5325
3036 0.975 0.5425
3037 0.95 0.5775
3038 0.975 0.545
3039 1.0 0.5175
3040 0.975 0.5425
3041 0.925 0.5175
3042 0.975 0.595
3043 0.95 0.5075
3044 0.95 0.5025
3045 1.0 0.5475
3046 1.0 0.5275
3047 0.975 0.5375
3048 1.0 0.5325
3049 0.975 0.5475
3050 1.0 0.5075
3051 0.975 0.5625
3052 1.0 0.51
3053 0.975 0.535
3054 0.975 0.525
3055 1.0 0.49
3056 0.95 0.595
3057 0.975 0.5425
3058 1.0 0.5225
3059 0.975 0.4825
3060 0.975 0.51
3061 0.975 0.51
3062 1.0 0.56
3063 1.0 0.515
3064 1.0 0.5275
3065 1.0 0.5175
3066 1.0 0.57
3067 0.95 0.56
3068 0.95 0.5625
3069 0.975 0.515
3070 0.975 0.5225
3071 0.95 0.5575
3072 0.95 0.5425
3073 0.95 0.54
3074 0.95 0.515
3075 0.975 0.56
3076 0.95 0.4875
3077 1.0 0.51
3078 1.0 0.5175
3079 0.975 0.57
3080 0.975 0.5225
3081 0.95 0.53
3082 1.0 0.52
3083 1.0 0.545
3084 1.0 0.475
3085 0.95 0.4875
3086 0.975 0.5025
3087 1.0 0.47
3088 0.975 0.54
3089 1.0 0.5375
3090 1.0 0.57
3091 0.975 0.495
3092 0.975 0.5075
3093 1.0 0.565
3094 0.975 0.55
3095 0.975 0.56
3096 1.0 0.485
3097 0.975 0.5625
3098 1.0 0.53
3099 1.0 0.535
3100 1.0 0.505
3101 0.975 0.5575
3102 0.975 0.52
3103 1.0 0.535
3104 0.95 0.52
3105 1.0 0.525
3106 0.975 0.5625
3107 1.0 0.5575
3108 1.0 0.52
3109 1.0 0.515
3110 1.0 0.525
3111 1.0 0.5225
3112 0.975 0.53
3113 0.95 0.5325
3114 0.95 0.555
3115 1.0 0.505
3116 1.0 0.5525
3117 1.0 0.565
3118 1.0 0.5325
3119 1.0 0.54
3120 0.975 0.5325
3121 0.975 0.5325
3122 0.975 0.51
3123 0.975 0.525
3124 0.95 0.58
3125 1.0 0.52
3126 0.925 0.53
3127 0.95 0.5475
3128 1.0 0.5375
3129 0.975 0.5625
3130 0.975 0.52
3131 1.0 0.525
3132 1.0 0.525
3133 1.0 0.5775
3134 0.95 0.54
3135 1.0 0.55
3136 1.0 0.5175
3137 1.0 0.5825
3138 0.975 0.5375
3139 1.0 0.6025
3140 0.975 0.565
3141 0.95 0.53
3142 1.0 0.5625
3143 1.0 0.49
3144 0.975 0.55
3145 1.0 0.52
3146 1.0 0.5425
3147 1.0 0.53
3148 0.975 0.5225
3149 1.0 0.5375
3150 1.0 0.49
3151 1.0 0.55
3152 1.0 0.53
3153 0.925 0.545
3154 0.975 0.5775
3155 0.975 0.5275
3156 1.0 0.5375
3157 1.0 0.525
3158 1.0 0.53
3159 0.975 0.475
3160 0.975 0.4875
3161 0.975 0.505
3162 1.0 0.53
3163 1.0 0.55
3164 1.0 0.5025
3165 1.0 0.5675
3166 1.0 0.4875
3167 1.0 0.5075
3168 0.975 0.5025
3169 0.975 0.5575
3170 1.0 0.51
3171 1.0 0.54
3172 1.0 0.5425
3173 0.975 0.515
3174 0.975 0.535
3175 1.0 0.5425
3176 1.0 0.54
3177 1.0 0.4775
3178 1.0 0.5425
3179 1.0 0.555
3180 1.0 0.49
3181 1.0 0.5775
3182 1.0 0.5225
3183 1.0 0.485
3184 1.0 0.4975
3185 1.0 0.57
3186 1.0 0.565
3187 1.0 0.56
3188 1.0 0.5525
3189 0.975 0.485
3190 0.975 0.5225
3191 0.975 0.545
3192 1.0 0.5075
3193 0.975 0.5175
3194 0.975 0.535
3195 0.975 0.5225
3196 0.975 0.4975
3197 0.95 0.53
3198 0.975 0.5325
3199 0.975 0.505
3200 0.95 0.515
3201 0.975 0.5275
3202 0.975 0.515
3203 0.95 0.535
3204 1.0 0.5125
3205 1.0 0.565
3206 0.975 0.5475
3207 1.0 0.545
3208 1.0 0.505
3209 1.0 0.555
3210 0.975 0.525
3211 0.975 0.545
3212 0.975 0.5075
3213 1.0 0.5275
3214 1.0 0.5125
3215 1.0 0.525
3216 0.975 0.5525
3217 0.95 0.5275
3218 1.0 0.5325
3219 1.0 0.5625
3220 0.975 0.52
3221 1.0 0.5525
3222 0.975 0.57
3223 1.0 0.5
3224 0.975 0.4825
3225 1.0 0.49
3226 0.975 0.5075
3227 1.0 0.4975
3228 0.975 0.5075
3229 1.0 0.56
3230 0.975 0.52
3231 0.975 0.55
3232 1.0 0.4825
3233 1.0 0.51
3234 1.0 0.5325
3235 0.975 0.5175
3236 0.975 0.5125
3237 1.0 0.5025
3238 1.0 0.5
3239 0.975 0.535
3240 1.0 0.505
3241 0.95 0.5525
3242 0.975 0.525
3243 1.0 0.4975
3244 1.0 0.5625
3245 1.0 0.515
3246 0.975 0.5075
3247 0.975 0.5075
3248 1.0 0.51
3249 1.0 0.515
3250 1.0 0.5625
3251 1.0 0.52
3252 1.0 0.555
3253 0.975 0.5375
3254 1.0 0.5325
3255 1.0 0.54
3256 1.0 0.54
3257 0.975 0.5575
3258 1.0 0.4975
3259 0.95 0.5
3260 1.0 0.53
3261 1.0 0.5125
3262 1.0 0.4875
3263 0.975 0.52
3264 1.0 0.5175
3265 1.0 0.4975
3266 1.0 0.515
3267 0.975 0.5075
3268 0.95 0.525
3269 1.0 0.5125
3270 1.0 0.53
3271 0.975 0.5275
3272 1.0 0.56
3273 1.0 0.5425
3274 1.0 0.4975
3275 0.95 0.55
3276 0.95 0.545
3277 0.975 0.53
3278 0.975 0.53
3279 1.0 0.5725
3280 1.0 0.5775
3281 0.975 0.5325
3282 1.0 0.495
3283 0.95 0.545
3284 0.975 0.5925
3285 0.975 0.5175
3286 0.95 0.53
3287 1.0 0.5225
3288 0.95 0.545
3289 1.0 0.525
3290 1.0 0.565
3291 1.0 0.55
3292 1.0 0.5775
3293 0.975 0.5125
3294 0.975 0.5075
3295 1.0 0.525
3296 1.0 0.5425
3297 1.0 0.5775
3298 0.975 0.5075
3299 0.975 0.51
3300 1.0 0.525
3301 1.0 0.565
3302 1.0 0.53
3303 1.0 0.52
3304 0.975 0.565
3305 1.0 0.535
3306 0.975 0.565
3307 1.0 0.545
3308 1.0 0.52
3309 1.0 0.52
3310 1.0 0.5425
3311 1.0 0.54
3312 0.975 0.485
3313 1.0 0.5425
3314 1.0 0.505
3315 1.0 0.525
3316 1.0 0.55
3317 1.0 0.515
3318 1.0 0.5675
3319 1.0 0.545
3320 1.0 0.5575
3321 0.975 0.54
3322 1.0 0.5375
3323 1.0 0.5425
3324 0.925 0.5125
3325 1.0 0.55
3326 1.0 0.5275
3327 0.975 0.5575
3328 1.0 0.5125
3329 1.0 0.55
3330 1.0 0.5225
3331 0.975 0.5175
3332 0.975 0.545
3333 1.0 0.5
3334 1.0 0.5425
3335 0.975 0.5
3336 0.975 0.5475
3337 1.0 0.5975
3338 0.975 0.51
3339 1.0 0.51
3340 0.975 0.515
3341 1.0 0.525
3342 0.975 0.5675
3343 0.975 0.5375
3344 1.0 0.57
3345 0.975 0.56
3346 1.0 0.5425
3347 1.0 0.5375
3348 0.975 0.5175
3349 1.0 0.5125
3350 1.0 0.5275
3351 1.0 0.5425
3352 1.0 0.5525
3353 1.0 0.4875
3354 1.0 0.5675
3355 1.0 0.545
3356 1.0 0.55
3357 0.975 0.4925
3358 1.0 0.535
3359 1.0 0.53
3360 0.975 0.545
3361 0.975 0.595
3362 0.975 0.54
3363 0.975 0.5375
3364 0.975 0.5975
3365 1.0 0.565
3366 1.0 0.525
3367 0.975 0.55
3368 0.975 0.5475
3369 1.0 0.5525
3370 1.0 0.495
3371 0.95 0.5625
3372 1.0 0.5
3373 1.0 0.5925
3374 0.975 0.5125
3375 0.975 0.5275
3376 1.0 0.5225
3377 0.975 0.53
3378 1.0 0.5525
3379 1.0 0.5175
3380 0.975 0.5125
3381 0.975 0.5275
3382 0.975 0.535
3383 0.925 0.53
3384 1.0 0.5175
3385 1.0 0.54
3386 1.0 0.545
3387 1.0 0.5525
3388 1.0 0.545
3389 1.0 0.59
3390 1.0 0.5375
3391 0.975 0.5175
3392 1.0 0.5275
3393 0.975 0.54
3394 0.975 0.5675
3395 0.975 0.5825
3396 0.95 0.585
3397 0.975 0.545
3398 1.0 0.59
3399 1.0 0.55
3400 1.0 0.55
3401 1.0 0.5175
3402 0.975 0.5525
3403 1.0 0.5225
3404 0.95 0.56
3405 1.0 0.505
3406 0.975 0.53
3407 0.95 0.53
3408 1.0 0.5675
3409 1.0 0.5325
3410 0.975 0.56
3411 1.0 0.5725
3412 1.0 0.5175
3413 0.975 0.545
3414 0.95 0.495
3415 0.975 0.535
3416 1.0 0.51
3417 0.975 0.505
3418 0.975 0.55
3419 1.0 0.545
3420 1.0 0.5275
3421 1.0 0.4975
3422 1.0 0.565
3423 1.0 0.54
3424 1.0 0.5375
3425 0.975 0.4925
3426 0.975 0.5225
3427 1.0 0.565
3428 1.0 0.5325
3429 1.0 0.49
3430 1.0 0.55
3431 1.0 0.5075
3432 0.975 0.51
3433 0.975 0.5775
3434 1.0 0.52
3435 1.0 0.485
3436 0.975 0.5525
3437 1.0 0.53
3438 1.0 0.5325
3439 0.975 0.54
3440 0.975 0.5225
3441 1.0 0.555
3442 0.975 0.57
3443 0.975 0.545
3444 1.0 0.5875
3445 1.0 0.5375
3446 1.0 0.5125
3447 1.0 0.515
3448 1.0 0.5625
3449 1.0 0.5025
3450 1.0 0.5575
3451 1.0 0.4925
3452 1.0 0.49
3453 0.95 0.4925
3454 1.0 0.5
3455 0.975 0.565
3456 1.0 0.52
3457 1.0 0.58
3458 1.0 0.52
3459 1.0 0.4925
3460 0.975 0.5375
3461 1.0 0.515
3462 1.0 0.4925
3463 0.975 0.53
3464 0.975 0.5325
3465 1.0 0.5425
3466 1.0 0.5475
3467 1.0 0.55
3468 1.0 0.5825
3469 0.975 0.5325
3470 0.975 0.5625
3471 0.975 0.555
3472 0.975 0.525
3473 1.0 0.5375
3474 0.95 0.515
3475 0.975 0.5575
3476 1.0 0.5
3477 1.0 0.4925
3478 1.0 0.5225
3479 0.975 0.545
3480 1.0 0.5275
3481 0.975 0.5325
3482 1.0 0.5525
3483 1.0 0.56
3484 0.975 0.5525
3485 1.0 0.54
3486 1.0 0.5625
3487 1.0 0.56
3488 1.0 0.56
3489 1.0 0.5225
3490 1.0 0.5325
3491 1.0 0.5325
3492 1.0 0.4975
3493 1.0 0.53
3494 1.0 0.53
3495 1.0 0.505
3496 0.975 0.505
3497 0.975 0.535
3498 0.975 0.5475
3499 1.0 0.5725
3500 1.0 0.59
3501 0.95 0.555
3502 1.0 0.555
3503 1.0 0.515
3504 1.0 0.57
3505 1.0 0.5
3506 1.0 0.5625
3507 0.975 0.5125
3508 1.0 0.5275
3509 0.975 0.5275
3510 1.0 0.5325
3511 1.0 0.5675
3512 1.0 0.5725
3513 0.975 0.5725
3514 1.0 0.5425
3515 1.0 0.5725
3516 1.0 0.51
3517 0.975 0.52
3518 0.95 0.4975
3519 0.975 0.575
3520 0.975 0.565
3521 0.975 0.5475
3522 1.0 0.5275
3523 1.0 0.5425
3524 0.975 0.5325
3525 1.0 0.55
3526 1.0 0.4975
3527 1.0 0.545
3528 1.0 0.54
3529 0.975 0.5525
3530 1.0 0.5075
3531 1.0 0.5125
3532 1.0 0.5325
3533 1.0 0.5475
3534 1.0 0.5675
3535 0.95 0.52
3536 1.0 0.545
3537 1.0 0.53
3538 1.0 0.51
3539 1.0 0.535
3540 0.975 0.5575
3541 1.0 0.5675
3542 1.0 0.5225
3543 1.0 0.5525
3544 1.0 0.5575
3545 1.0 0.565
3546 0.95 0.515
3547 1.0 0.5375
3548 1.0 0.57
3549 1.0 0.5725
3550 1.0 0.5275
3551 0.975 0.5075
3552 0.975 0.5625
3553 1.0 0.59
3554 0.975 0.5425
3555 1.0 0.5475
3556 1.0 0.5025
3557 1.0 0.5275
3558 1.0 0.5075
3559 1.0 0.5525
3560 1.0 0.5375
3561 1.0 0.525
3562 0.95 0.5275
3563 1.0 0.5475
3564 1.0 0.5725
3565 1.0 0.545
3566 1.0 0.5775
3567 1.0 0.5525
3568 0.975 0.535
3569 1.0 0.54
3570 0.975 0.555
3571 1.0 0.5775
3572 1.0 0.5425
3573 0.975 0.55
3574 1.0 0.5375
3575 1.0 0.51
3576 0.975 0.555
3577 0.975 0.515
3578 1.0 0.525
3579 1.0 0.51
3580 1.0 0.5575
3581 0.975 0.495
3582 1.0 0.5325
3583 1.0 0.51
3584 0.975 0.545
3585 1.0 0.5475
3586 1.0 0.5175
3587 0.95 0.51
3588 1.0 0.5425
3589 1.0 0.5325
3590 1.0 0.5175
3591 1.0 0.555
3592 1.0 0.565
3593 1.0 0.5525
3594 1.0 0.5125
3595 1.0 0.5375
3596 1.0 0.5575
3597 0.975 0.5175
3598 1.0 0.5475
3599 0.975 0.535
3600 0.975 0.56
3601 0.975 0.5575
3602 1.0 0.515
3603 0.975 0.57
3604 1.0 0.5225
3605 1.0 0.52
3606 1.0 0.555
3607 1.0 0.515
3608 1.0 0.5875
3609 0.975 0.5475
3610 0.975 0.5375
3611 1.0 0.525
3612 1.0 0.5325
3613 0.975 0.5625
3614 1.0 0.5125
3615 0.975 0.55
3616 1.0 0.5825
3617 0.95 0.54
3618 1.0 0.575
3619 0.975 0.5025
3620 1.0 0.52
3621 0.975 0.4925
3622 0.975 0.5425
3623 0.975 0.565
3624 1.0 0.555
3625 1.0 0.5275
3626 1.0 0.5275
3627 1.0 0.51
3628 1.0 0.5425
3629 1.0 0.5375
3630 1.0 0.55
3631 1.0 0.53
3632 1.0 0.4675
3633 1.0 0.525
3634 1.0 0.5625
3635 0.975 0.545
3636 0.975 0.535
3637 1.0 0.5225
3638 0.95 0.545
3639 1.0 0.485
3640 1.0 0.54
3641 1.0 0.5375
3642 1.0 0.53
3643 1.0 0.5225
3644 0.975 0.555
3645 1.0 0.555
3646 1.0 0.5
3647 1.0 0.5425
3648 1.0 0.5775
3649 1.0 0.525
3650 0.975 0.5525
3651 0.975 0.5475
3652 1.0 0.5575
3653 1.0 0.52
3654 0.975 0.5525
3655 0.975 0.5325
3656 1.0 0.56
3657 1.0 0.545
3658 0.975 0.5475
3659 0.975 0.555
3660 1.0 0.565
3661 1.0 0.5575
3662 1.0 0.4825
3663 1.0 0.4875
3664 1.0 0.55
3665 1.0 0.55
3666 0.975 0.58
3667 1.0 0.5375
3668 0.975 0.5825
3669 0.95 0.54
3670 1.0 0.5375
3671 1.0 0.5475
3672 0.975 0.535
3673 1.0 0.6025
3674 0.975 0.585
3675 1.0 0.5425
3676 0.975 0.545
3677 1.0 0.5325
3678 1.0 0.5525
3679 1.0 0.5575
3680 1.0 0.555
3681 1.0 0.5225
3682 0.975 0.565
3683 0.975 0.5375
3684 1.0 0.5675
3685 1.0 0.54
3686 1.0 0.505
3687 1.0 0.5325
3688 0.975 0.52
3689 1.0 0.535
3690 0.975 0.5375
3691 0.975 0.5275
3692 1.0 0.4975
3693 1.0 0.5125
3694 1.0 0.5275
3695 1.0 0.525
3696 1.0 0.55
3697 1.0 0.5225
3698 1.0 0.4975
3699 0.975 0.5425
3700 0.95 0.5375
3701 1.0 0.5625
3702 1.0 0.53
3703 1.0 0.5425
3704 0.975 0.545
3705 1.0 0.55
3706 1.0 0.5525
3707 1.0 0.505
3708 0.975 0.56
3709 0.975 0.5575
3710 1.0 0.51
3711 1.0 0.555
3712 1.0 0.5525
3713 1.0 0.56
3714 0.975 0.5575
3715 0.975 0.5625
3716 1.0 0.5675
3717 1.0 0.54
3718 1.0 0.55
3719 1.0 0.5325
3720 0.975 0.5575
3721 1.0 0.5775
3722 1.0 0.6025
3723 1.0 0.6
3724 1.0 0.5725
3725 0.975 0.5325
3726 1.0 0.555
3727 1.0 0.5575
3728 1.0 0.575
3729 0.975 0.58
3730 1.0 0.4825
3731 1.0 0.5225
3732 0.975 0.5925
3733 1.0 0.5825
3734 1.0 0.535
3735 1.0 0.5675
3736 1.0 0.5525
3737 0.95 0.5075
3738 1.0 0.5675
3739 1.0 0.5125
3740 1.0 0.56
3741 0.975 0.57
3742 1.0 0.565
3743 0.95 0.5525
3744 1.0 0.5475
3745 0.975 0.5425
3746 1.0 0.585
3747 1.0 0.495
3748 1.0 0.545
3749 1.0 0.5375
3750 1.0 0.55
3751 0.975 0.53
3752 0.975 0.5375
3753 1.0 0.5425
3754 1.0 0.5775
3755 1.0 0.5
3756 0.975 0.515
3757 1.0 0.5325
3758 1.0 0.4875
3759 0.975 0.505
3760 1.0 0.4925
3761 1.0 0.5175
3762 1.0 0.55
3763 1.0 0.485
3764 1.0 0.5525
3765 1.0 0.5575
3766 1.0 0.5475
3767 1.0 0.5725
3768 1.0 0.5025
3769 1.0 0.5425
3770 0.975 0.5725
3771 0.975 0.55
3772 1.0 0.5475
3773 1.0 0.5425
3774 1.0 0.545
3775 1.0 0.55
3776 1.0 0.56
3777 1.0 0.5225
3778 1.0 0.555
3779 0.95 0.57
3780 1.0 0.5675
3781 1.0 0.51
3782 0.975 0.52
3783 0.975 0.51
3784 1.0 0.52
3785 1.0 0.5425
3786 1.0 0.54
3787 1.0 0.58
3788 1.0 0.5075
3789 1.0 0.5525
3790 1.0 0.4925
3791 1.0 0.54
3792 1.0 0.5075
3793 1.0 0.55
3794 1.0 0.4975
3795 1.0 0.5425
3796 0.975 0.5375
3797 1.0 0.5525
3798 0.975 0.54
3799 1.0 0.53
3800 1.0 0.5525
3801 0.975 0.5225
3802 1.0 0.5625
3803 1.0 0.53
3804 1.0 0.52
3805 0.975 0.525
3806 1.0 0.5075
3807 0.975 0.55
3808 0.95 0.495
3809 0.975 0.5175
3810 1.0 0.52
3811 1.0 0.55
3812 1.0 0.5325
3813 1.0 0.5275
3814 0.975 0.55
3815 1.0 0.5
3816 1.0 0.575
3817 0.975 0.5525
3818 1.0 0.5175
3819 1.0 0.54
3820 0.975 0.5775
3821 0.975 0.5375
3822 0.975 0.545
3823 1.0 0.5575
3824 1.0 0.5675
3825 1.0 0.515
3826 1.0 0.5325
3827 1.0 0.53
3828 1.0 0.5475
3829 1.0 0.5275
3830 1.0 0.4975
3831 1.0 0.5575
3832 1.0 0.5475
3833 1.0 0.565
3834 1.0 0.515
3835 0.975 0.5625
3836 1.0 0.55
3837 0.975 0.5475
3838 0.975 0.5525
3839 1.0 0.57
3840 1.0 0.535
3841 1.0 0.545
3842 0.975 0.5175
3843 0.975 0.495
3844 1.0 0.5475
3845 1.0 0.52
3846 1.0 0.535
3847 1.0 0.57
3848 1.0 0.5775
3849 1.0 0.545
3850 1.0 0.56
3851 1.0 0.5475
3852 1.0 0.5275
3853 1.0 0.535
3854 1.0 0.5475
3855 1.0 0.525
3856 1.0 0.5675
3857 0.975 0.5225
3858 0.975 0.53
3859 1.0 0.525
3860 1.0 0.5225
3861 1.0 0.535
3862 1.0 0.545
3863 1.0 0.525
3864 1.0 0.5575
3865 1.0 0.5075
3866 1.0 0.55
3867 1.0 0.535
3868 1.0 0.56
3869 1.0 0.545
3870 0.975 0.52
3871 1.0 0.5625
3872 1.0 0.5675
3873 1.0 0.6125
3874 1.0 0.54
3875 1.0 0.55
3876 1.0 0.5275
3877 1.0 0.5225
3878 1.0 0.54
3879 0.975 0.56
3880 0.95 0.4925
3881 1.0 0.545
3882 0.975 0.52
3883 1.0 0.56
3884 1.0 0.5375
3885 1.0 0.5625
3886 1.0 0.5225
3887 1.0 0.525
3888 1.0 0.4975
3889 1.0 0.545
3890 1.0 0.5625
3891 1.0 0.55
3892 0.975 0.5575
3893 1.0 0.5325
3894 0.975 0.53
3895 1.0 0.515
3896 0.975 0.505
3897 0.975 0.5625
3898 1.0 0.535
3899 0.975 0.505
3900 1.0 0.525
3901 0.975 0.55
3902 1.0 0.5075
3903 1.0 0.5575
3904 1.0 0.535
3905 0.95 0.51
3906 0.975 0.54
3907 1.0 0.57
3908 1.0 0.5525
3909 0.975 0.585
3910 0.975 0.53
3911 0.95 0.5575
3912 1.0 0.585
3913 1.0 0.51
3914 0.975 0.5275
3915 1.0 0.525
3916 0.975 0.5325
3917 0.95 0.5025
3918 1.0 0.5175
3919 1.0 0.4925
3920 1.0 0.5325
3921 0.975 0.55
3922 1.0 0.5525
3923 1.0 0.5525
3924 1.0 0.56
3925 0.975 0.5525
3926 1.0 0.55
3927 1.0 0.5625
3928 1.0 0.55
3929 1.0 0.5475
3930 1.0 0.5575
3931 1.0 0.5575
3932 1.0 0.5275
3933 1.0 0.545
3934 1.0 0.5325
3935 1.0 0.5725
3936 1.0 0.56
3937 1.0 0.56
3938 0.975 0.5625
3939 0.975 0.565
3940 1.0 0.4925
3941 1.0 0.5425
3942 1.0 0.6
3943 1.0 0.51
3944 1.0 0.5525
3945 0.975 0.5375
3946 1.0 0.5175
3947 0.975 0.545
3948 1.0 0.5175
3949 0.975 0.535
3950 1.0 0.525
3951 1.0 0.56
3952 1.0 0.49
3953 1.0 0.5475
3954 1.0 0.54
3955 1.0 0.5275
3956 1.0 0.565
3957 0.975 0.5325
3958 0.925 0.565
3959 1.0 0.4875
3960 1.0 0.56
3961 1.0 0.525
3962 0.975 0.5725
3963 1.0 0.5525
3964 1.0 0.55
3965 1.0 0.57
3966 0.975 0.56
3967 1.0 0.5225
3968 1.0 0.55
3969 1.0 0.525
3970 1.0 0.5325
3971 1.0 0.54
3972 1.0 0.5725
3973 1.0 0.4875
3974 1.0 0.535
3975 1.0 0.5125
3976 1.0 0.5525
3977 0.925 0.5275
3978 1.0 0.51
3979 1.0 0.4875
3980 1.0 0.525
3981 0.975 0.55
3982 1.0 0.5725
3983 0.95 0.51
3984 1.0 0.4825
3985 1.0 0.5025
3986 0.975 0.525
3987 0.975 0.5525
3988 1.0 0.5175
3989 1.0 0.5275
3990 0.95 0.5
3991 1.0 0.5225
3992 1.0 0.5225
3993 1.0 0.5275
3994 1.0 0.5325
3995 1.0 0.52
3996 1.0 0.525
3997 1.0 0.5275
3998 1.0 0.52
3999 0.975 0.56
4000 1.0 0.53
4001 0.975 0.5325
4002 1.0 0.53
4003 1.0 0.54
4004 0.975 0.4825
4005 1.0 0.5425
4006 0.95 0.5225
4007 0.975 0.545
4008 1.0 0.56
4009 1.0 0.505
4010 1.0 0.5875
4011 1.0 0.5175
4012 1.0 0.5125
4013 1.0 0.5
4014 1.0 0.585
4015 0.975 0.51
4016 1.0 0.545
4017 0.975 0.5725
4018 1.0 0.5725
4019 0.975 0.5175
4020 1.0 0.4825
4021 1.0 0.5225
4022 1.0 0.5525
4023 1.0 0.5825
4024 1.0 0.5375
4025 0.975 0.545
4026 1.0 0.525
4027 1.0 0.56
4028 1.0 0.5125
4029 0.975 0.56
4030 1.0 0.4925
4031 1.0 0.535
4032 1.0 0.5375
4033 1.0 0.535
4034 1.0 0.535
4035 1.0 0.54
4036 1.0 0.5425
4037 1.0 0.535
4038 0.95 0.5225
4039 1.0 0.525
4040 1.0 0.575
4041 0.975 0.535
4042 1.0 0.52
4043 1.0 0.505
4044 1.0 0.5375
4045 1.0 0.555
4046 1.0 0.5225
4047 0.975 0.515
4048 1.0 0.5375
4049 1.0 0.49
4050 1.0 0.5225
4051 1.0 0.5775
4052 0.95 0.5475
4053 1.0 0.4575
4054 0.975 0.5325
4055 1.0 0.5375
4056 1.0 0.525
4057 1.0 0.49
4058 1.0 0.5275
4059 0.975 0.58
4060 1.0 0.555
4061 0.975 0.555
4062 1.0 0.5575
4063 1.0 0.535
4064 1.0 0.5175
4065 1.0 0.56
4066 0.975 0.5725
4067 1.0 0.52
4068 1.0 0.515
4069 1.0 0.5825
4070 1.0 0.535
4071 1.0 0.5875
4072 1.0 0.565
4073 0.975 0.535
4074 0.975 0.5475
4075 1.0 0.5675
4076 0.975 0.5
4077 1.0 0.5075
4078 1.0 0.5425
4079 1.0 0.5275
4080 1.0 0.5725
4081 0.975 0.53
4082 1.0 0.515
4083 1.0 0.5825
4084 1.0 0.53
4085 0.975 0.5625
4086 1.0 0.525
4087 1.0 0.4675
4088 1.0 0.535
4089 1.0 0.525
4090 1.0 0.565
4091 1.0 0.5275
4092 1.0 0.5475
4093 1.0 0.5675
4094 1.0 0.5475
4095 1.0 0.56
4096 1.0 0.565
4097 1.0 0.52
4098 1.0 0.5575
4099 1.0 0.53
4100 0.95 0.48
4101 0.975 0.5725
4102 0.975 0.5475
4103 1.0 0.54
4104 1.0 0.565
4105 1.0 0.54
4106 1.0 0.535
4107 1.0 0.5675
4108 1.0 0.545
4109 0.975 0.565
4110 1.0 0.53
4111 1.0 0.555
4112 1.0 0.4975
4113 1.0 0.53
4114 1.0 0.4975
4115 1.0 0.585
4116 1.0 0.5575
4117 1.0 0.5475
4118 1.0 0.565
4119 1.0 0.51
4120 1.0 0.555
4121 0.975 0.5075
4122 0.975 0.505
4123 0.975 0.5175
4124 1.0 0.56
4125 1.0 0.54
4126 0.95 0.485
4127 0.975 0.5575
4128 0.975 0.575
4129 0.95 0.565
4130 1.0 0.545
4131 1.0 0.5575
4132 0.975 0.5225
4133 1.0 0.545
4134 1.0 0.5275
4135 1.0 0.5575
4136 0.975 0.57
4137 1.0 0.5475
4138 0.975 0.5575
4139 1.0 0.57
4140 1.0 0.4925
4141 1.0 0.5725
4142 1.0 0.5325
4143 1.0 0.51
4144 1.0 0.555
4145 0.975 0.5275
4146 0.975 0.535
4147 1.0 0.5375
4148 1.0 0.595
4149 0.975 0.5075
4150 1.0 0.5325
4151 1.0 0.53
4152 1.0 0.54
4153 1.0 0.4825
4154 0.975 0.5525
4155 1.0 0.5625
4156 1.0 0.505
4157 0.975 0.52
4158 1.0 0.5525
4159 0.975 0.555
4160 1.0 0.525
4161 1.0 0.555
4162 1.0 0.5325
4163 1.0 0.5525
4164 0.975 0.53
4165 1.0 0.535
4166 0.975 0.5775
4167 1.0 0.5925
4168 1.0 0.56
4169 1.0 0.5025
4170 1.0 0.535
4171 1.0 0.5225
4172 0.975 0.55
4173 1.0 0.565
4174 1.0 0.5375
4175 1.0 0.5625
4176 1.0 0.5475
4177 1.0 0.5475
4178 1.0 0.5875
4179 1.0 0.5425
4180 1.0 0.53
4181 1.0 0.53
4182 1.0 0.5725
4183 1.0 0.5125
4184 1.0 0.5125
4185 1.0 0.4975
4186 1.0 0.53
4187 1.0 0.5125
4188 1.0 0.5525
4189 1.0 0.5675
4190 1.0 0.5725
4191 1.0 0.565
4192 1.0 0.5575
4193 1.0 0.58
4194 1.0 0.5325
4195 1.0 0.5675
4196 1.0 0.5375
4197 1.0 0.56
4198 0.975 0.54
4199 1.0 0.5325
4200 1.0 0.57
4201 1.0 0.5575
4202 0.975 0.5325
4203 0.975 0.58
4204 1.0 0.5975
4205 1.0 0.59
4206 1.0 0.545
4207 0.975 0.5375
4208 1.0 0.5225
4209 1.0 0.525
4210 1.0 0.51
4211 1.0 0.53
4212 1.0 0.5075
4213 1.0 0.53
4214 0.975 0.6025
4215 1.0 0.5525
4216 1.0 0.56
4217 1.0 0.5175
4218 1.0 0.5875
4219 0.975 0.5575
4220 1.0 0.545
4221 1.0 0.505
4222 1.0 0.5125
4223 1.0 0.545
4224 1.0 0.58
4225 1.0 0.56
4226 1.0 0.5775
4227 1.0 0.5525
4228 1.0 0.58
4229 1.0 0.5475
4230 1.0 0.57
4231 1.0 0.57
4232 1.0 0.5475
4233 1.0 0.5475
4234 1.0 0.5725
4235 1.0 0.525
4236 1.0 0.5875
4237 0.975 0.55
4238 1.0 0.5375
4239 1.0 0.56
4240 1.0 0.565
4241 1.0 0.56
4242 1.0 0.5675
4243 0.975 0.5975
4244 0.975 0.5225
4245 1.0 0.5125
4246 1.0 0.57
4247 1.0 0.5525
4248 1.0 0.575
4249 1.0 0.475
4250 1.0 0.5225
4251 1.0 0.52
4252 1.0 0.555
4253 1.0 0.5175
4254 1.0 0.51
4255 1.0 0.545
4256 1.0 0.53
4257 0.975 0.525
4258 1.0 0.505
4259 0.975 0.59
4260 1.0 0.5625
4261 0.975 0.5575
4262 1.0 0.56
4263 1.0 0.5375
4264 1.0 0.53
4265 1.0 0.54
4266 1.0 0.535
4267 1.0 0.57
4268 0.975 0.5525
4269 1.0 0.5625
4270 0.975 0.4575
4271 0.975 0.505
4272 1.0 0.52
4273 0.975 0.5525
4274 1.0 0.5175
4275 1.0 0.535
4276 1.0 0.5125
4277 1.0 0.5425
4278 1.0 0.565
4279 1.0 0.5175
4280 0.975 0.5275
4281 0.975 0.5725
4282 1.0 0.5375
4283 1.0 0.5575
4284 1.0 0.57
4285 1.0 0.5275
4286 1.0 0.5275
4287 1.0 0.5725
4288 1.0 0.51
4289 0.95 0.5475
4290 0.975 0.505
4291 1.0 0.5225
4292 1.0 0.5625
4293 1.0 0.5475
4294 1.0 0.54
4295 1.0 0.52
4296 1.0 0.54
4297 0.975 0.4675
4298 1.0 0.5575
4299 0.95 0.56
4300 1.0 0.5375
4301 1.0 0.56
4302 1.0 0.4775
4303 1.0 0.4975
4304 1.0 0.4975
4305 1.0 0.535
4306 1.0 0.5225
4307 0.95 0.595
4308 0.975 0.53
4309 1.0 0.565
4310 1.0 0.565
4311 1.0 0.59
4312 1.0 0.51
4313 0.975 0.535
4314 1.0 0.5125
4315 1.0 0.5175
4316 1.0 0.505
4317 1.0 0.525
4318 1.0 0.545
4319 0.975 0.545
4320 1.0 0.465
4321 1.0 0.515
4322 0.975 0.5725
4323 0.975 0.6
4324 1.0 0.5275
4325 1.0 0.5275
4326 1.0 0.57
4327 0.975 0.52
4328 1.0 0.555
4329 1.0 0.5325
4330 1.0 0.54
4331 1.0 0.5525
4332 1.0 0.55
4333 1.0 0.53
4334 1.0 0.5725
4335 1.0 0.565
4336 0.975 0.5575
4337 1.0 0.5875
4338 0.975 0.5075
4339 1.0 0.57
4340 1.0 0.5525
4341 1.0 0.56
4342 1.0 0.555
4343 1.0 0.545
4344 1.0 0.4575
4345 1.0 0.51
4346 0.975 0.5575
4347 1.0 0.54
4348 1.0 0.57
4349 1.0 0.5225
4350 1.0 0.585
4351 1.0 0.5325
4352 0.975 0.5625
4353 1.0 0.5225
4354 1.0 0.565
4355 1.0 0.59
4356 0.975 0.5625
4357 1.0 0.4925
4358 1.0 0.5725
4359 1.0 0.5475
4360 1.0 0.505
4361 1.0 0.5175
4362 1.0 0.5625
4363 1.0 0.51
4364 1.0 0.58
4365 1.0 0.5325
4366 1.0 0.5275
4367 1.0 0.585
4368 1.0 0.5375
4369 1.0 0.5675
4370 1.0 0.5475
4371 1.0 0.51
4372 1.0 0.5225
4373 1.0 0.5
4374 0.975 0.5925
4375 1.0 0.555
4376 1.0 0.5375
4377 1.0 0.555
4378 1.0 0.5675
4379 1.0 0.4975
4380 1.0 0.5125
4381 0.975 0.5275
4382 0.975 0.5775
4383 1.0 0.555
4384 0.975 0.51
4385 1.0 0.555
4386 0.975 0.5475
4387 1.0 0.5225
4388 1.0 0.525
4389 1.0 0.565
4390 1.0 0.5
4391 1.0 0.56
4392 1.0 0.5425
4393 0.975 0.5075
4394 1.0 0.565
4395 1.0 0.57
4396 1.0 0.5625
4397 1.0 0.5675
4398 0.975 0.54
4399 1.0 0.5575
4400 1.0 0.535
4401 0.975 0.52
4402 1.0 0.5175
4403 0.975 0.565
4404 1.0 0.545
4405 1.0 0.5375
4406 1.0 0.5075
4407 1.0 0.55
4408 1.0 0.5775
4409 0.975 0.5825
4410 0.975 0.5725
4411 0.975 0.565
4412 1.0 0.5125
4413 1.0 0.5775
4414 1.0 0.545
4415 1.0 0.48
4416 1.0 0.54
4417 1.0 0.5325
4418 1.0 0.5675
4419 1.0 0.5
4420 0.95 0.5375
4421 1.0 0.5525
4422 1.0 0.5225
4423 1.0 0.5875
4424 1.0 0.6
4425 1.0 0.58
4426 1.0 0.55
4427 1.0 0.55
4428 1.0 0.5825
4429 1.0 0.5675
4430 1.0 0.56
4431 1.0 0.555
4432 0.95 0.57
4433 1.0 0.5675
4434 1.0 0.525
4435 1.0 0.5825
4436 1.0 0.5625
4437 0.975 0.5675
4438 1.0 0.52
4439 0.975 0.5325
4440 1.0 0.52
4441 0.975 0.535
4442 0.975 0.515
4443 0.975 0.5325
4444 1.0 0.52
4445 0.975 0.5375
4446 1.0 0.4975
4447 1.0 0.565
4448 1.0 0.5725
4449 0.975 0.55
4450 1.0 0.515
4451 1.0 0.575
4452 0.95 0.555
4453 1.0 0.4975
4454 1.0 0.5625
4455 1.0 0.515
4456 1.0 0.5325
4457 0.95 0.5775
4458 0.95 0.575
4459 1.0 0.555
4460 1.0 0.545
4461 1.0 0.53
4462 0.95 0.555
4463 1.0 0.565
4464 1.0 0.56
4465 1.0 0.555
4466 1.0 0.5225
4467 1.0 0.56
4468 1.0 0.58
4469 1.0 0.585
4470 1.0 0.56
4471 1.0 0.535
4472 0.975 0.5525
4473 1.0 0.525
4474 1.0 0.5075
4475 1.0 0.5275
4476 1.0 0.5325
4477 1.0 0.5475
4478 1.0 0.575
4479 1.0 0.555
4480 1.0 0.5275
4481 0.975 0.5625
4482 0.975 0.515
4483 1.0 0.515
4484 1.0 0.5675
4485 1.0 0.58
4486 0.975 0.535
4487 1.0 0.55
4488 1.0 0.51
4489 1.0 0.5775
4490 1.0 0.5475
4491 1.0 0.5025
4492 1.0 0.5325
4493 0.975 0.5525
4494 1.0 0.57
4495 1.0 0.5575
4496 1.0 0.5625
4497 1.0 0.535
4498 1.0 0.5325
4499 1.0 0.575
4500 1.0 0.5175
4501 1.0 0.54
4502 1.0 0.5375
4503 1.0 0.545
4504 1.0 0.52
4505 1.0 0.53
4506 1.0 0.5675
4507 0.975 0.5425
4508 1.0 0.6125
4509 1.0 0.5675
4510 1.0 0.5525
4511 1.0 0.5725
4512 1.0 0.5175
4513 0.975 0.505
4514 1.0 0.5275
4515 1.0 0.61
4516 1.0 0.5475
4517 1.0 0.5475
4518 0.975 0.56
4519 1.0 0.5775
4520 1.0 0.545
4521 1.0 0.5375
4522 1.0 0.53
4523 1.0 0.515
4524 0.975 0.565
4525 1.0 0.5325
4526 0.975 0.5475
4527 1.0 0.505
4528 1.0 0.5675
4529 0.975 0.525
4530 0.975 0.565
4531 1.0 0.5125
4532 1.0 0.61
4533 1.0 0.5325
4534 1.0 0.5325
4535 1.0 0.5025
4536 1.0 0.5275
4537 1.0 0.5075
4538 1.0 0.5275
4539 1.0 0.59
4540 1.0 0.555
4541 1.0 0.5525
4542 1.0 0.5225
4543 1.0 0.53
4544 1.0 0.545
4545 1.0 0.55
4546 1.0 0.535
4547 1.0 0.51
4548 0.95 0.595
4549 1.0 0.53
4550 1.0 0.555
4551 1.0 0.5875
4552 1.0 0.5575
4553 1.0 0.495
4554 1.0 0.525
4555 0.975 0.5375
4556 1.0 0.54
4557 1.0 0.5525
4558 1.0 0.5375
4559 0.975 0.56
4560 1.0 0.535
4561 0.975 0.585
4562 1.0 0.5525
4563 1.0 0.545
4564 1.0 0.54
4565 1.0 0.52
4566 0.95 0.535
4567 0.975 0.5225
4568 0.975 0.5325
4569 0.975 0.5275
4570 1.0 0.565
4571 0.975 0.5325
4572 1.0 0.53
4573 1.0 0.5175
4574 1.0 0.5675
4575 1.0 0.6075
4576 0.975 0.56
4577 0.975 0.5475
4578 1.0 0.5675
4579 1.0 0.57
4580 1.0 0.5225
4581 1.0 0.555
4582 1.0 0.525
4583 0.975 0.545
4584 1.0 0.505
4585 1.0 0.5125
4586 1.0 0.555
4587 1.0 0.55
4588 1.0 0.545
4589 1.0 0.5325
4590 0.95 0.55
4591 1.0 0.55
4592 1.0 0.5325
4593 1.0 0.52
4594 1.0 0.5575
4595 0.975 0.52
4596 0.975 0.5225
4597 1.0 0.52
4598 1.0 0.54
4599 0.975 0.58
4600 0.95 0.5525
4601 0.95 0.5625
4602 0.975 0.54
4603 0.975 0.5425
4604 1.0 0.5225
4605 1.0 0.565
4606 1.0 0.545
4607 0.975 0.54
4608 1.0 0.55
4609 1.0 0.5625
4610 1.0 0.56
4611 1.0 0.4825
4612 1.0 0.5325
4613 1.0 0.555
4614 1.0 0.565
4615 0.975 0.5375
4616 0.95 0.5425
4617 0.975 0.5325
4618 1.0 0.5525
4619 1.0 0.5625
4620 1.0 0.5275
4621 0.975 0.5425
4622 1.0 0.495
4623 1.0 0.54
4624 1.0 0.545
4625 0.975 0.5425
4626 1.0 0.52
4627 1.0 0.545
4628 1.0 0.51
4629 1.0 0.57
4630 1.0 0.535
4631 0.95 0.58
4632 1.0 0.5575
4633 0.975 0.6
4634 1.0 0.5175
4635 1.0 0.575
4636 1.0 0.565
4637 1.0 0.5475
4638 1.0 0.5725
4639 1.0 0.5425
4640 1.0 0.58
4641 1.0 0.565
4642 1.0 0.59
4643 1.0 0.5575
4644 1.0 0.545
4645 1.0 0.5275
4646 0.975 0.5425
4647 1.0 0.54
4648 1.0 0.515
4649 0.975 0.5625
4650 1.0 0.55
4651 1.0 0.525
4652 1.0 0.5375
4653 1.0 0.575
4654 1.0 0.535
4655 0.975 0.55
4656 1.0 0.57
4657 1.0 0.545
4658 0.975 0.555
4659 1.0 0.5625
4660 1.0 0.51
4661 1.0 0.5625
4662 1.0 0.58
4663 1.0 0.5075
4664 1.0 0.5675
4665 1.0 0.5125
4666 1.0 0.5825
4667 1.0 0.5775
4668 0.95 0.595
4669 1.0 0.5325
4670 0.975 0.4975
4671 1.0 0.5675
4672 1.0 0.4975
4673 0.95 0.555
4674 0.975 0.5475
4675 1.0 0.5375
4676 1.0 0.5525
4677 0.975 0.495
4678 0.975 0.5525
4679 0.975 0.575
4680 1.0 0.545
4681 0.975 0.5125
4682 1.0 0.555
4683 0.975 0.535
4684 1.0 0.5525
4685 1.0 0.52
4686 1.0 0.5225
4687 1.0 0.53
4688 1.0 0.5525
4689 1.0 0.5225
4690 1.0 0.5775
4691 0.975 0.5725
4692 1.0 0.5175
4693 1.0 0.5125
4694 1.0 0.545
4695 0.975 0.575
4696 0.975 0.5375
4697 1.0 0.52
4698 1.0 0.5575
4699 0.975 0.565
4700 1.0 0.5625
4701 0.95 0.54
4702 1.0 0.545
4703 0.975 0.4975
4704 1.0 0.5675
4705 1.0 0.5575
4706 1.0 0.5675
4707 1.0 0.535
4708 1.0 0.515
4709 0.975 0.55
4710 0.975 0.53
4711 1.0 0.5075
4712 1.0 0.495
4713 1.0 0.5275
4714 0.975 0.56
4715 0.975 0.5675
4716 1.0 0.575
4717 1.0 0.5175
4718 1.0 0.5425
4719 1.0 0.5375
4720 1.0 0.5725
4721 1.0 0.55
4722 1.0 0.5575
4723 1.0 0.52
4724 1.0 0.555
4725 0.975 0.5175
4726 1.0 0.5125
4727 1.0 0.5375
4728 1.0 0.505
4729 1.0 0.53
4730 1.0 0.555
4731 1.0 0.5425
4732 1.0 0.525
4733 1.0 0.555
4734 1.0 0.5025
4735 1.0 0.5525
4736 1.0 0.5275
4737 1.0 0.495
4738 1.0 0.505
4739 1.0 0.53
4740 1.0 0.525
4741 1.0 0.5125
4742 1.0 0.51
4743 1.0 0.5325
4744 1.0 0.56
4745 0.975 0.5525
4746 1.0 0.5925
4747 1.0 0.51
4748 1.0 0.5125
4749 1.0 0.5275
4750 0.975 0.535
4751 1.0 0.5575
4752 1.0 0.575
4753 1.0 0.5525
4754 0.95 0.5275
4755 1.0 0.535
4756 1.0 0.5525
4757 1.0 0.5
4758 1.0 0.5825
4759 1.0 0.5325
4760 1.0 0.54
4761 1.0 0.585
4762 1.0 0.5375
4763 1.0 0.5475
4764 1.0 0.5475
4765 1.0 0.515
4766 1.0 0.52
4767 1.0 0.53
4768 1.0 0.5375
4769 1.0 0.5425
4770 0.975 0.515
4771 1.0 0.5025
4772 1.0 0.6
4773 1.0 0.565
4774 1.0 0.5425
4775 1.0 0.5675
4776 1.0 0.55
4777 1.0 0.5675
4778 1.0 0.545
4779 1.0 0.6175
4780 0.975 0.5375
4781 0.95 0.56
4782 1.0 0.59
4783 0.975 0.565
4784 1.0 0.4975
4785 0.975 0.4975
4786 1.0 0.535
4787 1.0 0.56
4788 1.0 0.545
4789 1.0 0.56
4790 1.0 0.535
4791 1.0 0.5725
4792 1.0 0.5625
4793 1.0 0.495
4794 0.975 0.515
4795 1.0 0.5075
4796 1.0 0.5575
4797 1.0 0.5825
4798 1.0 0.5125
4799 1.0 0.565
4800 1.0 0.58
4801 1.0 0.54
4802 1.0 0.56
4803 1.0 0.575
4804 1.0 0.5475
4805 0.975 0.5725
4806 1.0 0.5325
4807 1.0 0.5225
4808 0.975 0.5325
4809 1.0 0.5425
4810 1.0 0.5825
4811 0.975 0.59
4812 1.0 0.6125
4813 1.0 0.5075
4814 0.975 0.58
4815 0.975 0.5225
4816 1.0 0.555
4817 1.0 0.555
4818 1.0 0.5375
4819 1.0 0.5575
4820 1.0 0.535
4821 0.975 0.52
4822 1.0 0.54
4823 1.0 0.5375
4824 1.0 0.4925
4825 1.0 0.545
4826 1.0 0.485
4827 1.0 0.55
4828 1.0 0.5325
4829 1.0 0.535
4830 1.0 0.545
4831 1.0 0.56
4832 1.0 0.5325
4833 0.975 0.5425
4834 0.975 0.57
4835 1.0 0.55
4836 1.0 0.5025
4837 0.975 0.52
4838 0.975 0.5475
4839 1.0 0.5275
4840 1.0 0.515
4841 1.0 0.5425
4842 1.0 0.5025
4843 1.0 0.5475
4844 1.0 0.5675
4845 1.0 0.55
4846 1.0 0.51
4847 0.975 0.505
4848 1.0 0.5325
4849 1.0 0.53
4850 1.0 0.5325
4851 1.0 0.5725
4852 1.0 0.535
4853 0.975 0.52
4854 1.0 0.55
4855 1.0 0.5325
4856 1.0 0.555
4857 0.975 0.535
4858 0.975 0.5425
4859 1.0 0.5725
4860 0.95 0.5625
4861 0.975 0.5025
4862 1.0 0.51
4863 1.0 0.5425
4864 1.0 0.52
4865 0.975 0.5575
4866 1.0 0.5
4867 0.975 0.5975
4868 1.0 0.5375
4869 1.0 0.545
4870 0.975 0.5825
4871 1.0 0.515
4872 1.0 0.6025
4873 1.0 0.5625
4874 1.0 0.5425
4875 1.0 0.5025
4876 1.0 0.565
4877 1.0 0.525
4878 1.0 0.5625
4879 1.0 0.5475
4880 1.0 0.52
4881 0.975 0.555
4882 1.0 0.5525
4883 1.0 0.5875
4884 0.975 0.545
4885 1.0 0.535
4886 0.975 0.535
4887 1.0 0.52
4888 0.975 0.5675
4889 1.0 0.5575
4890 1.0 0.5275
4891 1.0 0.565
4892 1.0 0.5325
4893 1.0 0.5475
4894 1.0 0.5525
4895 1.0 0.4825
4896 1.0 0.545
4897 1.0 0.535
4898 1.0 0.54
4899 1.0 0.52
4900 1.0 0.5675
4901 0.975 0.5375
4902 1.0 0.5475
4903 1.0 0.575
4904 1.0 0.565
4905 1.0 0.5275
4906 1.0 0.54
4907 1.0 0.5525
4908 1.0 0.5275
4909 1.0 0.5575
4910 1.0 0.5725
4911 1.0 0.5225
4912 1.0 0.54
4913 1.0 0.5125
4914 1.0 0.545
4915 1.0 0.575
4916 0.975 0.53
4917 0.975 0.5175
4918 0.975 0.5325
4919 0.975 0.505
4920 1.0 0.5325
4921 1.0 0.5425
4922 1.0 0.5575
4923 1.0 0.555
4924 1.0 0.5275
4925 0.975 0.5575
4926 0.975 0.5625
4927 1.0 0.5075
4928 1.0 0.55
4929 1.0 0.58
4930 1.0 0.5725
4931 1.0 0.5875
4932 1.0 0.57
4933 1.0 0.545
4934 0.975 0.535
4935 0.975 0.54
4936 1.0 0.515
4937 1.0 0.5675
4938 1.0 0.5225
4939 1.0 0.58
4940 0.975 0.5875
4941 1.0 0.515
4942 0.975 0.56
4943 1.0 0.5375
4944 1.0 0.565
4945 1.0 0.5225
4946 1.0 0.555
4947 1.0 0.5475
4948 1.0 0.5325
4949 0.975 0.5275
4950 1.0 0.5175
4951 1.0 0.565
4952 1.0 0.605
4953 0.975 0.5575
4954 1.0 0.5075
4955 1.0 0.6
4956 1.0 0.56
4957 1.0 0.5275
4958 0.925 0.545
4959 1.0 0.5575
4960 1.0 0.5125
4961 1.0 0.5
4962 1.0 0.5375
4963 0.975 0.5425
4964 1.0 0.55
4965 1.0 0.615
4966 1.0 0.5225
4967 1.0 0.5475
4968 1.0 0.5175
4969 1.0 0.51
4970 1.0 0.52
4971 1.0 0.545
4972 1.0 0.57
4973 1.0 0.525
4974 1.0 0.5425
4975 0.975 0.575
4976 0.975 0.6425
4977 1.0 0.54
4978 1.0 0.575
4979 1.0 0.5625
4980 0.975 0.53
4981 1.0 0.4975
4982 1.0 0.515
4983 1.0 0.5075
4984 1.0 0.595
4985 1.0 0.5325
4986 1.0 0.57
4987 0.975 0.535
4988 1.0 0.5375
4989 0.975 0.57
4990 1.0 0.5
4991 1.0 0.5675
4992 1.0 0.49
4993 1.0 0.525
4994 1.0 0.5525
4995 0.975 0.545
4996 1.0 0.55
4997 1.0 0.5175
4998 1.0 0.555
4999 1.0 0.55
